#Altitude [km] Electron Density [cm-3]
80	0
85	0
90	0
95	0
100	0
105	0
110	0
115	0
120	0
125	0
130	0
135	3.0473e-140
140	1.9517e-87
145	1.1898e-56
150	9.553e-38
155	1.187e-25
160	1.1808e-17
165	3.1975e-12
170	1.9133e-08
175	9.156e-06
180	0.0007881
185	0.020654
190	0.23387
195	1.4518
200	5.8225
205	16.932
210	38.761
215	74.128
220	123.71
225	185.94
230	257.79
235	335.45
240	415.68
245	495.39
250	572.39
255	645.22
260	712.94
265	775.26
270	832.15
275	883.68
280	930.24
285	972.2
290	1010
295	1044.3
300	1074.3
305	1102.4
310	1127.9
315	1151.2
320	1172.8
325	1192.4
330	1210.9
335	1228.3
340	1244.3
345	1259.6
350	1274.1
355	1288
360	1301.4
365	1314.3
370	1326.9
375	1339.1
380	1351.2
385	1363.1
390	1374.7
395	1386.4
400	1398
405	1409.1
410	1420.7
415	1432.4
420	1444
425	1455.7
430	1467.9
435	1479.6
440	1491.8
445	1504.2
450	1516.8
455	1529.1
460	1542.2
465	1555.4
470	1568.8
475	1582.5
480	1596.4
485	1610.6
490	1625.1
495	1639.9
500	1655.1
#Altitude [km] Electron Density [cm-3]
80	0
85	0
90	0
95	0
100	0
105	0
110	0
115	0
120	0
125	0
130	0
135	1.6333e-138
140	9.4081e-86
145	5.4016e-55
150	4.1807e-36
155	5.0724e-24
160	4.9651e-16
165	1.3293e-10
170	7.8889e-07
175	0.0003752
180	0.032145
185	0.83941
190	9.4777
195	58.699
200	234.99
205	682.31
210	1560
215	2980.4
220	4969.8
225	7463.8
230	10342
235	13450
240	16660
245	19846
250	22923
255	25832
260	28536
265	31023
270	33293
275	35348
280	37205
285	38877
290	40385
295	41750
300	42944
305	44064
310	45082
315	46010
320	46868
325	47651
330	48388
335	49080
340	49718
345	50325
350	50903
355	51458
360	51990
365	52508
370	53008
375	53494
380	53977
385	54450
390	54914
395	55381
400	55843
405	56286
410	56748
415	57215
420	57677
425	58145
430	58632
435	59100
440	59586
445	60079
450	60583
455	61073
460	61597
465	62125
470	62658
475	63206
480	63762
485	64327
490	64905
495	65496
500	66106
#Altitude [km] Electron Density [cm-3]
80	0
85	0
90	0
95	0
100	0
105	0
110	1.296e-101
115	4.1039e-25
120	6.9398e-07
125	0.45342
130	124.98
135	1933.1
140	8269.2
145	18721
150	30171
155	40139
160	47674
165	52827
170	56087
175	57945
180	58823
185	59039
190	58821
195	58341
200	57697
205	56971
210	56222
215	55513
220	54922
225	54492
230	54299
235	54344
240	54674
245	55222
250	55948
255	56801
260	57723
265	58681
270	59644
275	60580
280	61481
285	62334
290	63141
295	63906
300	64568
305	65250
310	65891
315	66495
320	67077
325	67623
330	68161
335	68688
340	69184
345	69675
350	70160
355	70642
360	71120
365	71600
370	72077
375	72552
380	73041
385	73529
390	74017
395	74521
400	75028
405	75519
410	76043
415	76581
420	77119
425	77672
430	78255
435	78817
440	79409
445	80014
450	80637
455	81245
460	81900
465	82564
470	83238
475	83933
480	84641
485	85363
490	86105
495	86865
500	87651
#Altitude [km] Electron Density [cm-3]
80	0
85	0
90	0
95	0
100	0
105	0
110	1.296e-101
115	4.1039e-25
120	6.9398e-07
125	0.45342
130	124.98
135	1933.1
140	8269.2
145	18721
150	30171
155	40139
160	47674
165	52827
170	56087
175	57945
180	58823
185	59039
190	58821
195	58341
200	57697
205	56967
210	56201
215	55433
220	54697
225	53978
230	53305
235	52653
240	52074
245	51532
250	51037
255	50587
260	50176
265	49810
270	49488
275	49198
280	48945
285	48725
290	48537
295	48384
300	48217
305	48124
310	48054
315	48006
320	47987
325	47981
330	48005
335	48054
340	48109
345	48187
350	48284
355	48399
360	48529
365	48678
370	48839
375	49013
380	49208
385	49413
390	49628
395	49862
400	50107
405	50348
410	50618
415	50903
420	51194
425	51498
430	51828
435	52148
440	52491
445	52846
450	53216
455	53579
460	53976
465	54381
470	54795
475	55225
480	55664
485	56115
490	56580
495	57059
500	57556
#Altitude [km] Electron Density [cm-3]
80	0
85	0
90	0
95	0
100	0
105	0
110	6.5597e-91
115	2.7234e-24
120	6.4443e-07
125	0.42332
130	117.29
135	1800.9
140	7694.6
145	17489
150	28377
155	38049
160	45571
165	50936
170	54522
175	56758
180	58028
185	58632
190	58788
195	58654
200	58337
205	57915
210	57431
215	56930
220	56426
225	55953
230	55482
235	55073
240	54681
245	54331
250	54022
255	53752
260	53521
265	53328
270	53164
275	53045
280	52955
285	52894
290	52866
295	52863
300	52881
305	52939
310	53013
315	53122
320	53250
325	53401
330	53573
335	53782
340	53998
345	54227
350	54480
355	54754
360	55042
365	55352
370	55672
375	56014
380	56373
385	56742
390	57132
395	57537
400	57954
405	58395
410	58842
415	59311
420	59784
425	60275
430	60782
435	61304
440	61849
445	62394
450	62976
455	63548
460	64145
465	64771
470	65401
475	66028
480	66697
485	67373
490	68080
495	68796
500	69528
#Altitude [km] Electron Density [cm-3]
80	0
85	0
90	0
95	0
100	0
105	0
110	1.0367e-82
115	9.5424e-22
120	5.0382e-06
125	1.0038
130	188.21
135	2460.2
140	9651.9
145	20782
150	32443
155	42225
160	49377
165	54104
170	56945
175	58428
180	58984
185	58930
190	58490
195	57815
200	57020
205	56158
210	55279
215	54414
220	53571
225	52766
230	52027
235	51311
240	50657
245	50055
250	49498
255	48985
260	48521
265	48094
270	47708
275	47365
280	47047
285	46769
290	46524
295	46303
300	46095
305	45934
310	45798
315	45687
320	45588
325	45520
330	45458
335	45421
340	45403
345	45400
350	45415
355	45444
360	45486
365	45544
370	45613
375	45698
380	45798
385	45901
390	46020
395	46159
400	46301
405	46453
410	46618
415	46786
420	46980
425	47173
430	47385
435	47591
440	47829
445	48066
450	48321
455	48575
460	48849
465	49131
470	49428
475	49732
480	50052
485	50384
490	50727
495	51086
500	51459
#Altitude [km] Electron Density [cm-3]
80	0
85	0
90	0
95	0
100	0
105	0
110	1.296e-101
115	4.1039e-25
120	6.9398e-07
125	0.45342
130	124.98
135	1933.1
140	8269.2
145	18721
150	30171
155	40139
160	47674
165	52827
170	56087
175	57945
180	58823
185	59039
190	58821
195	58341
200	57697
205	56967
210	56201
215	55433
220	54697
225	53978
230	53305
235	52653
240	52074
245	51532
250	51037
255	50587
260	50176
265	49810
270	49488
275	49198
280	48945
285	48725
290	48537
295	48384
300	48217
305	48124
310	48054
315	48006
320	47987
325	47981
330	48005
335	48054
340	48109
345	48187
350	48284
355	48399
360	48529
365	48678
370	48839
375	49013
380	49208
385	49413
390	49628
395	49862
400	50107
405	50348
410	50618
415	50903
420	51194
425	51498
430	51828
435	52148
440	52491
445	52846
450	53216
455	53579
460	53976
465	54381
470	54795
475	55225
480	55664
485	56115
490	56580
495	57059
500	57556
