2008-03-26/08:01:27.054         7.9754685e+06         5.0671345e+06         3.7284498e+06         2.2526392e+06         6.2942375e+05         3.2732281e+04         3.3061440e+03         1.5959103e+03         9.8901648e+02         2.0501790e+03         4.0223618e+02
2008-03-26/08:03:03.206         7.4376385e+06         4.8526930e+06         3.5157388e+06         2.1743902e+06         4.9872953e+05         2.9149588e+04         3.2053213e+03         7.3157507e+02         1.2549429e+03         1.5500344e+03         8.0447235e+02
2008-03-26/08:04:39.358         7.6753930e+06         5.4502915e+06         4.0622805e+06         2.1547652e+06         4.0391700e+05         4.9327957e+04         6.6385234e+03         2.2241985e+03         4.3835617e+02         1.3306562e+03         1.0811235e+03
2008-03-26/08:06:15.510         7.5626105e+06         5.0586415e+06         3.8735705e+06         1.7422048e+06         2.9891884e+05         4.8286547e+04         7.3722871e+03         2.6061802e+03         4.3835617e+02         1.5500344e+03         1.4950624e+03
2008-03-26/08:07:51.662         9.3399750e+06         6.5590915e+06         3.6264755e+06         1.4565052e+06         3.7289631e+05         5.1885770e+04         6.6840640e+03         2.3579438e+03         2.4313569e+03         2.3922849e+03         4.0223618e+02
2008-03-26/08:09:27.814         7.9288890e+06         5.0297125e+06         2.8298720e+06         1.3918169e+06         3.8481528e+05         5.6770566e+04         4.6660967e+03         4.0068378e+02         2.9703723e+03         3.1000690e+02         1.5278672e+03
2008-03-26/08:11:03.966         5.9917150e+06         3.6580828e+06         2.1301028e+06         1.0913649e+06         3.3451031e+05         4.9641551e+04         2.6948071e+03         2.1624023e+03         1.7534247e+03         2.1103218e+03         1.3657684e+03
2008-03-26/08:12:40.119         6.0296270e+06         3.4083362e+06         2.1331340e+06         1.0776826e+06         2.8820812e+05         3.2620328e+04         6.4232441e+03         1.6544790e+03         2.4197119e+03         9.3002069e+02         3.1548508e+03
2008-03-26/08:14:16.271         5.4926905e+06         3.2397485e+06         1.9404662e+06         1.1051244e+06         3.0695653e+05         3.7781961e+04         5.7919170e+03         1.6680171e+03         2.4774282e+03         1.2316791e+03         4.0223618e+02
2008-03-26/08:15:52.423         5.6473095e+06         3.3963872e+06         2.1606685e+06         1.1155191e+06         3.0684169e+05         2.6818305e+04         3.0177607e+03         4.2433354e+03         1.3150685e+03         1.7268916e+03         5.0528656e+02
2008-03-26/08:17:28.575         5.8048280e+06         3.3159505e+06         1.9200342e+06         9.2321625e+05         1.9923634e+05         1.7102324e+04         3.1170107e+03         1.4391008e+03         1.3150685e+03         1.3306562e+03         1.2067085e+03
2008-03-26/08:19:04.727         4.8218565e+06         2.6198842e+06         1.5624550e+06         6.4920694e+05         1.3523589e+05         1.4636637e+04         7.7559888e+03         2.6044443e+03         1.3150685e+03         3.1338596e+03         1.6098827e+03
2008-03-26/08:20:40.879         5.1259215e+06         2.6067782e+06         1.2908305e+06         5.2786962e+05         7.1158117e+04         1.0614163e+04         4.6726250e+03         1.5764751e+03         2.3651240e+03         2.0501790e+03         1.6098827e+03
2008-03-26/08:22:17.031         4.9318310e+06         2.5020622e+06         1.2646662e+06         5.0486581e+05         6.5613422e+04         1.1980576e+04         4.6438345e+03         3.5719338e+03         1.0500555e+03         3.0911685e+03         8.0447235e+02
2008-03-26/08:23:53.183         4.9344420e+06         2.5212982e+06         1.3155135e+06         3.9782428e+05         3.6058090e+04         1.7209516e+04         8.2062910e+03         3.9272717e+03         3.1966440e+03         2.0368987e+03         2.8936357e+03
2008-03-26/08:25:29.335         4.9089365e+06         2.5513718e+06         1.2474601e+06         2.8183219e+05         3.7521812e+04         1.7710910e+04         6.6832676e+03         3.1745815e+03         2.9158159e+03         3.5959922e+03         3.8283398e+03
2008-03-26/08:27:05.487         4.4826830e+06         2.4758250e+06         1.0340166e+06         2.9225972e+05         4.5089695e+04         2.4017979e+04         5.8445635e+03         2.5834954e+03         4.7227148e+03         2.8057766e+03         2.9747129e+03
2008-03-26/08:28:41.639         4.4848900e+06         2.0231535e+06         8.7484781e+05         3.6975238e+05         6.4972262e+04         1.8114676e+04         3.5390010e+03         2.8368022e+03         1.7534247e+03         1.1682861e+03         2.0111809e+03
2008-03-26/08:30:17.791         5.0402710e+06         2.3332528e+06         1.0896080e+06         4.4785425e+05         7.9807031e+04         2.1059891e+04         8.1486616e+03         3.2211467e+03         5.8945488e+03         3.4797131e+03         3.2746001e+03
2008-03-26/08:31:53.943         5.4808430e+06         3.0071652e+06         1.5314312e+06         6.9343538e+05         1.2181355e+05         2.3474359e+04         1.3118022e+04         2.7819495e+03         1.3150685e+03         2.9043022e+03         3.1510793e+03
2008-03-26/08:33:30.095         5.7303770e+06         3.1479108e+06         1.7869215e+06         7.8727062e+05         1.5316559e+05         2.9566883e+04         8.4584043e+03         1.7846107e+03         3.1791033e+03         2.8910786e+03         2.8048210e+03
2008-03-26/08:35:06.247         6.1446075e+06         3.3317320e+06         1.8152796e+06         7.9112025e+05         1.5634867e+05         4.7270863e+04         1.1960631e+04         3.6516245e+03         5.6868091e+03         4.0957454e+03         1.7680046e+03
2008-03-26/08:36:42.399         6.4945315e+06         3.5649085e+06         1.9952400e+06         8.7548338e+05         1.7260177e+05         4.8377809e+04         1.3979180e+04         5.4304556e+03         1.5369602e+03         4.2209502e+03         9.6353235e+02
2008-03-26/08:38:18.551         6.2641310e+06         3.4159798e+06         2.0006261e+06         8.3993506e+05         1.6814661e+05         5.5803699e+04         1.7674742e+04         4.7396587e+03         6.0059512e+03         3.1905247e+03         1.8710551e+03
2008-03-26/08:39:54.703         5.8414670e+06         3.2533070e+06         1.8144204e+06         7.1996106e+05         1.5618175e+05         6.5292570e+04         1.6886732e+04         5.8019805e+03         3.5790547e+03         5.2918398e+03         3.4809380e+03
2008-03-26/08:41:30.855         5.2310150e+06         3.1803400e+06         1.9100170e+06         9.1082538e+05         1.7902488e+05         4.7476680e+04         1.8543500e+04         4.4885391e+03         6.9575269e+03         2.9020901e+03         4.3525034e+03
2008-03-26/08:43:07.007         4.1041968e+06         2.5737465e+06         1.4828065e+06         5.9963219e+05         1.8975966e+05         1.0925156e+05         2.5101047e+04         4.7671250e+03         4.1424946e+03         5.4337402e+03         3.5543455e+03
2008-03-26/08:44:43.159         4.4233825e+06         2.5111340e+06         1.3964806e+06         5.3397175e+05         1.6478270e+05         7.0616109e+04         2.4903764e+04         3.9271982e+03         6.9664238e+03         2.5332524e+03         2.0111809e+03
2008-03-26/08:46:19.311         4.7258045e+06         2.6404452e+06         1.5624876e+06         6.6037669e+05         1.7008045e+05         8.7055281e+04         3.0967785e+04         8.3596699e+03         2.3712314e+03         3.5689436e+03         1.0243076e+03
2008-03-26/08:47:55.463         4.4792555e+06         2.9819695e+06         1.8888096e+06         6.9905856e+05         1.8285936e+05         1.2820441e+05         2.8412416e+04         8.7269043e+03         8.9684365e+03         3.4882996e+03         5.8110977e+03
2008-03-26/08:49:31.615         4.3215250e+06         2.6903490e+06         1.3775158e+06         5.1346734e+05         1.6708589e+05         1.1030152e+05         1.9136268e+04         5.8002124e+03         5.6329546e+03         4.3854639e+03         5.5046597e+03
2008-03-26/08:51:07.767         2.0491040e+06         1.0898390e+06         6.9159519e+05         3.3195112e+05         7.1512883e+04         4.7043379e+04         1.5197081e+04         4.0613545e+03         5.5017119e+03         2.3720588e+03         1.3657684e+03
2008-03-26/08:52:43.919         1.6440459e+06         8.1921181e+05         4.4705375e+05         2.6266488e+05         8.8510453e+04         3.8884707e+04         2.0193834e+04         8.1716094e+03         4.6796553e+03         1.2400276e+03         2.4134170e+03
2008-03-26/08:54:20.071         2.6223530e+06         1.4795171e+06         9.0017525e+05         4.2344694e+05         1.4751380e+05         9.4689281e+04         2.5400861e+04         6.8876113e+03         3.5078721e+03         2.6701929e+03         3.1040068e+03
2008-03-26/08:55:56.223         2.4506492e+06         1.2338019e+06         7.2217119e+05         3.4086003e+05         1.3049183e+05         8.0871117e+04         1.5532663e+04         5.2366538e+03         2.7107190e+03         3.0905225e+03         3.1337729e+03
2008-03-26/08:57:32.375         3.3737612e+06         1.7389524e+06         8.4691619e+05         3.8236334e+05         2.1789447e+05         1.5375547e+05         3.4169578e+04         8.9523105e+03         4.3686284e+03         6.0434746e+03         3.2041865e+03
2008-03-26/08:59:08.527         3.1754778e+06         1.7072418e+06         8.2694562e+05         3.2444359e+05         1.2819682e+05         1.0658909e+05         2.3247326e+04         7.7853262e+03         6.5870664e+03         2.9860740e+03         1.4265438e+03
2008-03-26/09:00:44.679         4.2329430e+06         2.5650755e+06         1.3019594e+06         5.9791475e+05         3.4473603e+05         2.2135322e+05         3.1924445e+04         7.9663408e+03         4.5304434e+03         2.1414739e+03         3.6390596e+03
2008-03-26/09:02:20.831         4.1339218e+06         2.2738785e+06         1.1535480e+06         4.8511009e+05         2.9200097e+05         1.4604475e+05         2.7127004e+04         9.7378984e+03         2.6301370e+03         5.8618340e+03         1.6089447e+03
2008-03-26/09:03:56.984         4.7304650e+06         2.9827722e+06         1.7753061e+06         6.3409925e+05         2.3031777e+05         1.3370186e+05         2.5700717e+04         7.0065620e+03         3.5068494e+03         2.0822781e+03         3.7153926e+03
2008-03-26/09:05:33.136         5.5335340e+06         3.0280758e+06         1.4762015e+06         5.4587444e+05         2.8079969e+05         1.6838744e+05         3.7063668e+04         1.2040488e+04         1.0865164e+04         8.3028545e+03         4.3718740e+03
2008-03-26/09:07:09.288         5.3154105e+06         2.7004040e+06         1.1643940e+06         4.9720341e+05         2.6007803e+05         1.9323528e+05         3.9799340e+04         1.5951696e+04         1.2033961e+04         4.2257236e+03         5.4109214e+03
2008-03-26/09:08:45.440         5.9212885e+06         3.1715802e+06         1.2979501e+06         5.2815112e+05         2.6075338e+05         2.1174969e+05         4.7962520e+04         1.5167017e+04         4.0575098e+03         5.1544180e+03         3.8408992e+03
2008-03-26/09:10:21.592         4.7910695e+06         2.4654805e+06         1.0796586e+06         4.5904106e+05         2.6637050e+05         2.3600008e+05         4.1557441e+04         1.5820861e+04         5.0864629e+03         6.0667485e+03         2.5139746e+03
2008-03-26/09:11:57.744         4.6544145e+06         2.1892810e+06         9.5860581e+05         4.4273256e+05         3.2372256e+05         2.1356127e+05         4.0736289e+04         1.3734388e+04         8.6930127e+03         6.1988418e+03         2.9187036e+03
2008-03-26/09:13:33.896         4.5046235e+06         2.3254758e+06         1.0267255e+06         5.1250169e+05         3.6137647e+05         2.1461634e+05         4.5741367e+04         1.5863024e+04         7.5185205e+03         4.3749146e+03         2.7035466e+03
2008-03-26/09:15:10.048         4.6951830e+06         2.0291181e+06         8.8209756e+05         5.3587019e+05         4.2067412e+05         2.1251216e+05         4.5299578e+04         1.9426678e+04         4.8941230e+03         1.7268916e+03         4.5260938e+03
2008-03-26/09:16:46.200         4.7226060e+06         2.1453205e+06         9.3285744e+05         5.0550056e+05         3.9575094e+05         1.8906569e+05         4.5515992e+04         1.6800266e+04         4.7964810e+03         4.2284351e+03         3.8113708e+03
2008-03-26/09:18:22.352         4.6359025e+06         2.0701689e+06         9.1254206e+05         4.5526762e+05         4.0298038e+05         2.0930195e+05         4.6872586e+04         1.8098527e+04         2.8034802e+03         3.7837520e+03         2.7643223e+03
2008-03-26/09:19:58.504         4.1578350e+06         1.8060740e+06         7.4737775e+05         4.5726481e+05         4.0219309e+05         1.5626877e+05         4.7385336e+04         1.4076256e+04         6.9050532e+03         4.0386836e+03         9.6353235e+02
2008-03-26/09:21:34.656         3.9380082e+06         1.6506406e+06         7.0293512e+05         3.7637188e+05         3.2166225e+05         1.1888052e+05         2.8299414e+04         1.0802146e+04         4.4958657e+03         2.7802241e+03         2.5724768e+03
2008-03-26/09:23:10.808         3.7443515e+06         1.6359970e+06         6.3182125e+05         3.9530197e+05         3.2975406e+05         8.7569039e+04         3.3674719e+04         8.9124863e+03         2.8580681e+03         1.6351404e+03         2.8165911e+03
2008-03-26/09:24:46.960         3.6559150e+06         1.4724752e+06         6.4741912e+05         4.8851531e+05         3.2748744e+05         9.5713938e+04         3.5259531e+04         1.3486215e+04         4.0840615e+03         2.2517068e+03         3.3778879e+03
2008-03-26/09:26:23.112         3.7794615e+06         1.4045622e+06         5.7584488e+05         4.4839403e+05         2.9463991e+05         1.0586401e+05         4.6004410e+04         1.2783929e+04         7.2601997e+03         2.6388987e+03         2.4134170e+03
2008-03-26/09:27:59.264         3.6897450e+06         1.3531792e+06         5.8253712e+05         4.5167209e+05         2.8445828e+05         9.2226195e+04         4.6234055e+04         9.3596318e+03         5.7004922e+03         2.7206704e+03         4.0223618e+02
2008-03-26/09:29:35.416         3.4008588e+06         1.2485685e+06         6.1971825e+05         4.8781381e+05         3.3126875e+05         1.2631967e+05         4.4805680e+04         1.1802047e+04         5.8603511e+03         2.4374993e+03         1.2067085e+03
2008-03-26/09:31:11.568         3.7156388e+06         1.4677179e+06         6.4090319e+05         4.4707884e+05         3.3376475e+05         1.1729811e+05         4.0076344e+04         1.3072227e+04         4.5198120e+03         3.9625955e+03         1.4361821e+03
2008-03-26/09:32:47.720         4.0947095e+06         1.5778431e+06         6.3382619e+05         4.5676900e+05         3.1093525e+05         1.1465391e+05         3.8563820e+04         1.0091496e+04         4.4327964e+03         1.0206493e+03         4.0598137e+03
2008-03-26/09:34:23.873         4.7180100e+06         1.8987899e+06         7.3152344e+05         5.0464988e+05         3.6655097e+05         1.3508280e+05         4.0825461e+04         1.7210061e+04         5.5004839e+03         4.3219810e+03         5.8972935e+03
2008-03-26/09:36:00.025         3.4320460e+06         1.2921028e+06         6.0343319e+05         4.9341109e+05         3.3086191e+05         8.8261125e+04         4.2084461e+04         1.7006160e+04         5.6582598e+03         3.3132861e+03         2.9312441e+03
2008-03-26/09:37:36.177         3.4605968e+06         1.3003530e+06         6.0870900e+05         4.5453353e+05         3.0102397e+05         9.3583555e+04         4.3635559e+04         1.4339402e+04         1.2308467e+04         4.0790156e+03         3.9990208e+03
2008-03-26/09:39:12.329         4.2268310e+06         1.5939794e+06         7.7675019e+05         5.6572006e+05         3.7576531e+05         1.2978891e+05         6.7485852e+04         1.8881635e+04         1.4012263e+04         6.7415151e+03         3.6611592e+03
2008-03-26/09:40:48.481         3.1401245e+06         1.2187080e+06         7.9032581e+05         6.7351369e+05         3.4999225e+05         1.2993702e+05         6.3818355e+04         2.0423131e+04         8.8230908e+03         3.3406841e+03         4.0072693e+03
2008-03-26/09:42:24.633         2.3613555e+06         1.0003071e+06         7.2482106e+05         6.0507344e+05         2.8037325e+05         9.3989312e+04         4.7342297e+04         1.8423617e+04         7.8813057e+03         6.0929053e+03         3.5504131e+03
2008-03-26/09:44:00.785         2.1231350e+06         8.6253581e+05         6.0936125e+05         4.6274747e+05         3.0071003e+05         1.1638787e+05         4.8688480e+04         1.3369718e+04         9.1962480e+03         7.9179019e+03         2.9467231e+03
2008-03-26/09:45:36.937         2.4354338e+06         1.0291751e+06         7.7491200e+05         6.5757412e+05         2.8833134e+05         1.3065125e+05         6.6029125e+04         1.9015230e+04         8.8861504e+03         3.0201162e+03         3.2178892e+03
2008-03-26/09:47:13.089         1.9932858e+06         9.4095162e+05         7.8023625e+05         6.6060162e+05         3.1169666e+05         1.2636105e+05         6.3733016e+04         1.8861266e+04         5.2602739e+03         7.3720493e+03         3.2918313e+03
2008-03-26/09:48:49.241         1.7016841e+06         8.1706844e+05         6.4749088e+05         5.7374625e+05         2.7759703e+05         1.1421290e+05         5.0548656e+04         1.2460930e+04         7.0710767e+03         3.5669980e+03         1.2067085e+03
2008-03-26/09:50:25.393         2.3283658e+06         1.0329803e+06         7.4367100e+05         6.5349262e+05         2.7003331e+05         1.4069336e+05         5.3893395e+04         1.1299348e+04         7.1130103e+03         3.0158457e+03         1.8180946e+03
2008-03-26/09:52:01.545         2.6050935e+06         1.0142086e+06         7.3459325e+05         6.6274269e+05         3.0077153e+05         1.4839298e+05         4.3614488e+04         1.6943516e+04         7.6851470e+03         4.8987363e+03         6.9267031e+03
2008-03-26/09:53:37.697         2.5139062e+06         9.8435069e+05         7.9234388e+05         7.0765812e+05         3.1450122e+05         1.3383684e+05         4.6074262e+04         1.6466561e+04         7.1576172e+03         2.7883179e+03         4.0223618e+02
2008-03-26/09:55:13.849         2.1517088e+06         8.9138381e+05         6.5130100e+05         5.9450556e+05         2.5850995e+05         1.3768255e+05         4.0885152e+04         1.3872562e+04         6.8132480e+03         3.3025867e+03         8.0447235e+02
2008-03-26/09:56:50.002         2.1436922e+06         9.1114519e+05         7.0624194e+05         6.0347875e+05         2.4884181e+05         1.2716834e+05         3.5822227e+04         1.4475808e+04         1.0277377e+04         5.0273271e+03         2.6428904e+03
2008-03-26/09:58:26.154         1.9777169e+06         8.9741012e+05         7.5614138e+05         6.7003381e+05         2.8594425e+05         1.3478306e+05         5.1087312e+04         1.8473238e+04         8.6516943e+03         4.0543469e+03         4.0663176e+03
2008-03-26/10:00:02.306         2.0626931e+06         8.3669656e+05         7.1639869e+05         6.5408369e+05         2.2308962e+05         1.3040078e+05         4.7745375e+04         1.5650244e+04         5.5318101e+03         4.9796006e+03         2.0147095e+03
2008-03-26/10:01:38.458         2.0144542e+06         9.0831262e+05         7.6360175e+05         6.1503788e+05         2.4727666e+05         1.1898538e+05         5.3750309e+04         1.8101012e+04         6.0582974e+03         2.1075610e+03         1.2067085e+03
2008-03-26/10:03:14.610         2.0212080e+06         9.5132706e+05         8.4636031e+05         7.2330794e+05         2.7322650e+05         1.3990334e+05         5.4209660e+04         1.6541395e+04         4.2594531e+03         1.7722711e+03         0.0000000e+00
2008-03-26/10:04:50.762         1.8157928e+06         7.8577925e+05         6.6083400e+05         5.9384956e+05         2.5297692e+05         1.2594850e+05         5.4462988e+04         1.3258805e+04         1.0139199e+04         2.2137559e+03         4.0223618e+02
2008-03-26/10:06:26.914         1.7267374e+06         7.7733425e+05         6.9286544e+05         5.9838412e+05         2.6074197e+05         1.1494202e+05         6.0882305e+04         2.2685078e+04         5.8738350e+03         1.9610581e+03         4.0223618e+02
2008-03-26/10:08:03.066         1.7058501e+06         7.5260638e+05         6.9551956e+05         5.7033244e+05         2.4080931e+05         1.4202261e+05         6.6144344e+04         2.1757391e+04         4.3032412e+03         3.9555657e+03         2.0678918e+03
2008-03-26/10:09:39.218         1.6339171e+06         8.3486731e+05         7.5409444e+05         5.6708400e+05         2.4376434e+05         1.4858716e+05         6.0298254e+04         1.7382242e+04         4.8686855e+03         1.5179014e+03         1.2067085e+03
2008-03-26/10:11:15.370         1.4682528e+06         7.7394631e+05         6.6315069e+05         5.2840538e+05         2.4038564e+05         1.5564634e+05         6.3441352e+04         2.0133430e+04         6.2455576e+03         2.5089062e+03         0.0000000e+00
2008-03-26/10:12:51.522         1.5189289e+06         7.5987000e+05         7.1759719e+05         5.7453331e+05         2.2816612e+05         1.7354992e+05         7.0417938e+04         2.1172211e+04         6.7959678e+03         3.1309065e+03         9.0503009e+02
2008-03-26/10:14:27.674         1.5891292e+06         7.9156825e+05         7.2915812e+05         5.7184038e+05         2.7723666e+05         1.8588223e+05         6.9756203e+04         2.4068961e+04         6.3247603e+03         2.0822781e+03         2.7315369e+03
2008-03-26/10:16:03.826         1.5229840e+06         7.1749138e+05         6.6724650e+05         5.8636538e+05         2.6699762e+05         1.9421972e+05         7.7740930e+04         2.1323662e+04         4.9074839e+03         4.5976924e+03         1.8180946e+03
2008-03-26/10:17:39.979         1.1416364e+06         6.9709594e+05         7.1578550e+05         5.9156756e+05         2.4657789e+05         1.7692175e+05         7.3515453e+04         2.5740688e+04         5.7360596e+03         1.7268918e+03         1.2067085e+03
2008-03-26/10:19:16.131         1.2041109e+06         6.7722494e+05         6.8709219e+05         5.6602219e+05         2.6859425e+05         1.9815256e+05         8.5497664e+04         2.0398486e+04         9.3067773e+03         4.2131909e+03         3.1783210e+03
2008-03-26/10:20:52.283         1.0844899e+06         7.2431650e+05         7.0890662e+05         5.9364262e+05         2.5799506e+05         2.0379688e+05         7.9287516e+04         1.9467822e+04         1.0176907e+04         3.6323123e+03         3.4662969e+03
2008-03-26/10:22:28.435         1.0309660e+06         7.5758912e+05         7.1510425e+05         5.3684994e+05         2.9402747e+05         2.0393997e+05         7.1714320e+04         2.0595326e+04         1.0821400e+04         4.0015149e+03         2.8376260e+03
2008-03-26/10:24:04.587         9.4463825e+05         7.2228938e+05         6.9905244e+05         5.5684575e+05         2.9612731e+05         1.7264414e+05         6.7898539e+04         2.2807582e+04         4.8740962e+03         4.4872344e+03         1.7095024e+03
2008-03-26/10:25:40.739         9.8591888e+05         7.2671806e+05         6.4694250e+05         5.6237656e+05         3.0352809e+05         2.1537516e+05         7.7278570e+04         3.0585590e+04         1.1929219e+04         2.7363340e+03         1.6089447e+03
2008-03-26/10:27:16.891         9.5345694e+05         7.4200481e+05         6.6615294e+05         5.3469056e+05         2.9360534e+05         2.0585925e+05         7.2092922e+04         2.0564201e+04         5.7814800e+03         3.0306772e+03         1.2067085e+03
2008-03-26/10:28:53.043         9.3648369e+05         7.2422344e+05         7.0123581e+05         5.4698350e+05         2.9550475e+05         1.9330981e+05         6.9601609e+04         2.4917996e+04         1.4782577e+04         4.1011626e+03         8.0447235e+02
2008-03-26/10:30:29.195         9.2529325e+05         6.4526125e+05         6.7688494e+05         5.6606388e+05         2.9160653e+05         1.7618159e+05         7.8712047e+04         2.5222547e+04         5.1338008e+03         4.7937559e+03         2.8156533e+03
2008-03-26/10:32:05.347         9.1272700e+05         6.6590675e+05         6.4055944e+05         5.3515525e+05         2.8156756e+05         1.9134728e+05         7.1772523e+04         2.3715871e+04         1.6704895e+04         4.5650527e+03         3.2630669e+03
2008-03-26/10:33:41.499         7.8617388e+05         6.5720138e+05         6.5542231e+05         5.4599544e+05         2.8843684e+05         1.6843816e+05         5.1732773e+04         2.4060270e+04         8.6766309e+03         5.8806875e+03         1.4950624e+03
2008-03-26/10:35:17.651         7.8533475e+05         6.6917262e+05         6.7407194e+05         5.7463831e+05         2.8543728e+05         1.8993939e+05         6.9317312e+04         2.7840539e+04         7.2287153e+03         5.5843501e+03         3.6068008e+03
2008-03-26/10:36:53.804         7.7094694e+05         6.4420725e+05         6.3424119e+05         5.3355631e+05         2.9903834e+05         1.9630878e+05         7.5267234e+04         3.0580254e+04         1.2865454e+04         4.0038813e+03         2.5139746e+03
2008-03-26/10:38:29.956         7.9374012e+05         7.4026569e+05         6.8620388e+05         5.5185038e+05         3.1863003e+05         1.4924588e+05         5.5728266e+04         2.2226965e+04         4.3581250e+03         4.9212949e+03         4.6047358e+03
2008-03-26/10:40:06.108         8.0104675e+05         7.1542225e+05         6.9338238e+05         5.6347594e+05         2.8689350e+05         1.4909986e+05         5.9952609e+04         2.7027148e+04         1.0555186e+04         5.0370801e+03         2.4025850e+03
2008-03-26/10:41:42.260         7.7038462e+05         6.4428525e+05         6.6509081e+05         4.9975228e+05         2.7787647e+05         1.6166686e+05         7.7720734e+04         1.9210676e+04         1.1585525e+04         4.2096665e+03         1.6219591e+03
2008-03-26/10:43:18.412         6.7475325e+05         5.8517969e+05         6.2375425e+05         4.7675559e+05         2.8816338e+05         1.6761038e+05         5.7655660e+04         1.8055273e+04         3.5148870e+03         2.1725806e+03         3.0621152e+03
2008-03-26/10:44:54.564         6.6828031e+05         6.1246606e+05         5.9461912e+05         4.5234988e+05         2.8511441e+05         1.4592286e+05         6.3947406e+04         1.8298623e+04         5.5984668e+03         5.5954624e+03         1.8384183e+03
2008-03-26/10:46:30.716         7.6135338e+05         6.4949475e+05         6.0614325e+05         4.9959912e+05         2.5960805e+05         1.5854484e+05         5.9253695e+04         1.8499293e+04         7.0258389e+03         3.3395791e+03         4.0223618e+02
2008-03-26/10:48:06.868         7.3654425e+05         6.8133881e+05         6.3741412e+05         5.1005350e+05         2.9876956e+05         1.4670942e+05         4.9173500e+04         1.5053693e+04         6.4930972e+03         1.0310372e+03         8.0447235e+02
2008-03-26/10:49:43.020         7.0072725e+05         6.1976194e+05         5.9632262e+05         4.3389219e+05         2.4247717e+05         1.2543597e+05         5.4475094e+04         1.5614178e+04         7.1439268e+03         1.9610580e+03         4.0223618e+02
2008-03-26/10:51:19.173         6.2586644e+05         5.6386788e+05         5.7203819e+05         4.9257403e+05         2.3827750e+05         1.3171645e+05         5.1229227e+04         1.4806938e+04         3.9954626e+03         2.6701929e+03         4.0223618e+02
2008-03-26/10:52:55.325         6.6952150e+05         5.6521719e+05         5.6014300e+05         4.8951550e+05         2.5175891e+05         1.4875469e+05         5.6484258e+04         1.9441543e+04         5.2638545e+03         1.9826301e+03         0.0000000e+00
2008-03-26/10:54:31.477         7.2530025e+05         6.7427806e+05         6.4814719e+05         4.5674391e+05         2.9842928e+05         1.5774533e+05         6.0142035e+04         1.7257502e+04         1.7534247e+03         1.6294563e+03         8.0447235e+02
2008-03-26/10:56:07.629         6.4244669e+05         5.6575469e+05         5.4033212e+05         4.4717516e+05         2.3207961e+05         1.4300428e+05         6.2586910e+04         2.0882520e+04         5.2211499e+03         2.1526804e+03         4.0223618e+02
2008-03-26/10:57:43.781         6.5883950e+05         6.0082106e+05         5.6284931e+05         4.3186906e+05         2.5173473e+05         1.7463048e+05         6.6056758e+04         1.9658426e+04         3.3080693e+03         1.0094425e+03         4.0223618e+02
2008-03-26/10:59:19.933         6.5777575e+05         5.5676238e+05         5.0344931e+05         3.5707150e+05         2.2643000e+05         1.4230586e+05         5.4355551e+04         1.7929516e+04         1.7534247e+03         1.1201582e+03         4.0223618e+02
2008-03-26/11:00:56.085         6.6358962e+05         5.5392200e+05         5.1337009e+05         3.7526972e+05         2.2348297e+05         1.6360869e+05         5.4663109e+04         1.5919482e+04         1.7534247e+03         9.3002069e+02         6.4869830e+02
2008-03-26/11:02:32.237         5.6657869e+05         5.3633225e+05         4.7735488e+05         3.7409847e+05         2.2678997e+05         1.3486145e+05         3.4916453e+04         9.7165947e+03         1.5113824e+03         2.5429177e+03         0.0000000e+00
2008-03-26/11:04:08.390         6.1297225e+05         5.5865462e+05         5.7323656e+05         3.9965138e+05         2.1491898e+05         1.1857627e+05         4.0583027e+04         7.0287798e+03         2.3880947e+03         1.5669690e+03         4.0223618e+02
2008-03-26/11:05:44.542         5.0432303e+05         4.4920869e+05         4.1017494e+05         3.5031053e+05         1.7942389e+05         1.1206802e+05         3.7181121e+04         5.6880845e+03         6.7793225e+02         1.8627610e+03         0.0000000e+00
2008-03-26/11:07:20.694         4.5940934e+05         4.0191466e+05         3.5117681e+05         3.0897844e+05         1.6698952e+05         1.0714061e+05         1.7210346e+04         6.5941699e+03         4.6061392e+03         7.8944275e+02         4.0223618e+02
2008-03-26/11:08:56.846         3.7032291e+05         3.1637675e+05         3.2158778e+05         2.5745078e+05         1.4611216e+05         6.5135055e+04         2.0752225e+04         3.3452761e+03         1.4432192e+03         0.0000000e+00         5.6129614e+02
2008-03-26/11:10:32.998         3.3042559e+05         2.9958872e+05         2.8552269e+05         2.3826389e+05         1.2382044e+05         8.3065523e+04         2.5803807e+04         5.4236318e+03         3.1791033e+03         8.6753351e+02         0.0000000e+00
2008-03-26/11:12:09.150         2.9376794e+05         2.8761228e+05         2.6873331e+05         1.9449544e+05         1.2278008e+05         8.1552703e+04         1.8176123e+04         1.6226639e+03         1.3160909e+03         3.1000690e+02         4.0223618e+02
2008-03-26/11:13:45.302         2.5822870e+05         2.4786872e+05         2.2678184e+05         1.7821433e+05         1.2431102e+05         6.8084578e+04         1.0981938e+04         3.0069756e+03         2.9935435e+03         0.0000000e+00         1.2067085e+03
2008-03-26/11:15:21.454         1.3452078e+05         1.5490350e+05         1.4431859e+05         1.1072378e+05         8.2138539e+04         2.9912402e+04         4.9117417e+03         2.5591057e+03         1.3150685e+03         7.1064240e+02         0.0000000e+00
2008-03-26/11:16:57.607         1.1968665e+05         1.1447731e+05         1.3767256e+05         9.0648719e+04         6.6723148e+04         2.7390016e+04         3.1656929e+03         8.8059058e+02         8.7671234e+02         1.0912144e+03         0.0000000e+00
2008-03-26/11:18:33.759         6.0750070e+04         5.9627301e+04         5.5045961e+04         4.0618004e+04         2.6383258e+04         5.6261665e+03         1.3339900e+03         0.0000000e+00         4.3835617e+02         0.0000000e+00         0.0000000e+00
2008-03-26/11:20:09.911         3.9967391e+04         4.3874836e+04         4.3419301e+04         3.6788395e+04         1.7361092e+04         6.2865942e+02         1.4408732e+03         0.0000000e+00         8.7671234e+02         0.0000000e+00         1.1256310e+03
2008-03-26/11:21:46.063         1.1911772e+04         4.4662310e+03         5.5030728e+03         5.3582593e+03         2.3570430e+03         6.4916479e+02         1.8305505e+02         7.2390198e+02         4.3835617e+02         3.1000690e+02         0.0000000e+00
2008-03-26/11:23:22.215         1.6920905e+03         8.9251703e+02         1.4781566e+03         0.0000000e+00         9.1648560e+02         1.8514819e+02         1.8305505e+02         1.5219703e+03         0.0000000e+00         3.1000690e+02         0.0000000e+00
2008-03-26/11:24:58.367         0.0000000e+00         4.4625851e+02         0.0000000e+00         1.0051852e+03         5.5924744e+02         6.5031219e+02         0.0000000e+00         4.0068378e+02         4.3835617e+02         3.8942871e+02         0.0000000e+00
2008-03-26/11:26:34.519         1.2342039e+03         4.4625851e+02         0.0000000e+00         0.0000000e+00         0.0000000e+00         1.8514819e+02         1.8305505e+02         2.0034189e+02         0.0000000e+00         0.0000000e+00         0.0000000e+00
2008-03-26/11:28:10.672         9.4476196e+02         4.4625851e+02         0.0000000e+00         1.4262799e+03         3.3972601e+02         1.8514819e+02         0.0000000e+00         5.0485507e+02         4.3835617e+02         1.3194495e+03         1.4950623e+03
2008-03-26/11:29:46.824         1.4144854e+03         0.0000000e+00         0.0000000e+00         0.0000000e+00         0.0000000e+00         0.0000000e+00         1.8305505e+02         2.0034189e+02         4.3835617e+02         0.0000000e+00         8.0447235e+02
2008-03-26/11:31:22.976         9.4476196e+02         1.3387755e+03         0.0000000e+00         5.7150189e+02         0.0000000e+00         1.8514819e+02         0.0000000e+00         9.0402026e+02         1.5839270e+03         0.0000000e+00         6.4869830e+02
2008-03-26/11:32:59.128         0.0000000e+00         1.4205410e+03         0.0000000e+00         3.9472696e+02         2.3703349e+02         0.0000000e+00         4.4808969e+02         5.6064331e+02         0.0000000e+00         6.2001379e+02         0.0000000e+00
2008-03-26/11:34:35.280         0.0000000e+00         0.0000000e+00         0.0000000e+00         0.0000000e+00         5.6493933e+02         0.0000000e+00         0.0000000e+00         2.0034189e+02         6.3467004e+02         6.9943561e+02         0.0000000e+00
2008-03-26/11:36:11.432         3.1729253e+03         1.2550179e+03         0.0000000e+00         0.0000000e+00         0.0000000e+00         0.0000000e+00         0.0000000e+00         0.0000000e+00         0.0000000e+00         0.0000000e+00         6.1138599e+02
2008-03-26/11:37:47.584         2.2532402e+03         1.0379315e+03         1.4632639e+03         0.0000000e+00         4.6149683e+02         0.0000000e+00         0.0000000e+00         0.0000000e+00         2.3023909e+03         4.3259576e+02         0.0000000e+00
2008-03-26/11:39:23.737         5.4859175e+03         1.5985188e+03         4.4444446e+02         3.9472696e+02         1.3445438e+03         0.0000000e+00         0.0000000e+00         4.0068378e+02         4.3835617e+02         0.0000000e+00         0.0000000e+00
2008-03-26/11:40:59.889         2.0276216e+03         4.4625851e+02         4.4444446e+02         3.9472696e+02         4.4380615e+02         4.1773019e+02         1.8305505e+02         0.0000000e+00         0.0000000e+00         0.0000000e+00         0.0000000e+00
2008-03-26/11:42:36.041         1.4171429e+03         0.0000000e+00         2.0206813e+03         2.0179688e+03         0.0000000e+00         1.8514819e+02         0.0000000e+00         0.0000000e+00         0.0000000e+00         0.0000000e+00         0.0000000e+00
2008-03-26/11:44:12.193         3.7790474e+03         6.7829852e+02         1.5644301e+03         2.4704089e+03         7.4662256e+02         1.8514819e+02         0.0000000e+00         2.0034189e+02         8.7671234e+02         0.0000000e+00         4.0223618e+02
2008-03-26/11:45:48.345         7.9141401e+03         1.7850341e+03         2.6408765e+03         1.0051852e+03         1.1233607e+03         5.5544458e+02         0.0000000e+00         0.0000000e+00         1.3150685e+03         0.0000000e+00         0.0000000e+00
2008-03-26/11:47:24.497         2.1637736e+04         1.2149660e+04         1.0131932e+04         8.6597881e+03         4.4361353e+03         2.2692122e+03         6.3114478e+02         1.5628201e+03         8.7671234e+02         0.0000000e+00         0.0000000e+00
2008-03-26/11:49:00.650         2.9568203e+05         1.7292700e+05         1.3673195e+05         1.0738152e+05         6.2074309e+04         1.8030195e+04         8.3073418e+03         5.1848311e+03         2.4774597e+03         7.4260266e+02         0.0000000e+00
2008-03-26/11:50:36.802         2.9893275e+05         1.8205367e+05         1.5864555e+05         1.0270810e+05         4.8560410e+04         2.0042309e+04         2.6914941e+03         2.7046145e+03         2.5541648e+03         2.0301934e+03         4.0223618e+02
2008-03-26/11:52:12.954         7.2596219e+05         4.5454897e+05         2.9804106e+05         1.8670002e+05         6.9742602e+04         1.8845127e+04         4.4168066e+03         3.0923877e+03         3.1177278e+03         1.1775404e+03         4.0223618e+02
2008-03-26/11:53:49.106         6.8947762e+05         2.9584688e+05         2.2383877e+05         1.3450370e+05         6.5150023e+04         2.1510658e+04         8.6340928e+03         8.3626797e+03         7.1645742e+03         4.4044062e+03         4.7815044e+03
2008-03-26/11:55:25.258         2.2462560e+06         8.1683412e+05         4.6651006e+05         2.3501577e+05         1.0068606e+05         5.5271375e+04         2.3668758e+04         1.0536788e+04         6.4185640e+03         6.1383735e+03         5.7206538e+03
2008-03-26/11:57:01.410         2.9433470e+07         2.1183098e+07         1.5840119e+07         1.0334421e+07         3.8959852e+06         1.1402609e+06         3.2343781e+05         1.1661940e+05         3.7402398e+04         3.1754285e+04         2.3265420e+04
2008-03-26/11:58:37.563         3.7442852e+07         2.6750150e+07         1.9270982e+07         1.1768382e+07         4.0097455e+06         1.0172638e+06         2.2364997e+05         6.6808156e+04         3.9099887e+04         3.3607102e+04         2.8809490e+04
2008-03-26/12:00:13.715         4.5479944e+07         3.3013450e+07         2.4573900e+07         1.6496501e+07         7.2618230e+06         2.2184280e+06         3.4131319e+05         5.0976195e+04         3.0345449e+04         2.5127395e+04         1.7958195e+04
2008-03-26/12:01:49.867         4.0231968e+07         2.8673106e+07         2.2665886e+07         1.4817887e+07         5.8323770e+06         2.0115624e+06         5.6905894e+05         1.1815583e+05         2.9492393e+04         2.8745396e+04         9.4724590e+03
2008-03-26/12:03:26.019         4.1048404e+07         3.0091708e+07         2.1380820e+07         1.3075571e+07         4.9675265e+06         1.5359189e+06         2.0131314e+05         3.2244828e+04         2.4685305e+04         2.5096109e+04         1.9871338e+04
2008-03-26/12:05:02.171         4.1730732e+07         2.8219632e+07         2.1469782e+07         1.4277557e+07         5.5555650e+06         1.1992714e+06         1.2132703e+05         3.7301414e+04         2.6436434e+04         2.3861051e+04         1.0256828e+04
2008-03-26/12:06:38.323         3.8078984e+07         2.6970644e+07         1.9771068e+07         1.2644309e+07         4.9571435e+06         1.1360529e+06         1.1084019e+05         2.8209945e+04         3.0120143e+04         2.4298734e+04         2.7059402e+04
2008-03-26/12:08:14.476         3.9475716e+07         2.8318076e+07         2.1015462e+07         1.3742235e+07         3.5112802e+06         4.1503131e+05         5.6696199e+04         4.1691629e+04         4.0397449e+04         3.6238520e+04         3.3846918e+04
2008-03-26/12:09:50.628         3.9694128e+07         2.7982832e+07         2.1179052e+07         1.4037458e+07         5.0334350e+06         8.6831756e+05         9.6566203e+04         5.6408148e+04         4.2378867e+04         3.2856160e+04         3.0294400e+04
2008-03-26/12:11:26.780         4.5027852e+07         3.2577218e+07         2.4413590e+07         1.6031191e+07         5.3222010e+06         8.4038112e+05         9.3413547e+04         5.6595836e+04         3.7882844e+04         2.8748629e+04         2.0732236e+04
2008-03-26/12:13:02.932         4.3660388e+07         3.3564752e+07         2.5070990e+07         1.6580699e+07         5.9891260e+06         9.3598125e+05         9.5198992e+04         5.6825984e+04         2.8730965e+04         2.2177115e+04         1.8793766e+04
2008-03-26/12:14:39.084         4.5293748e+07         3.1737482e+07         2.2671636e+07         1.2984377e+07         3.6726338e+06         5.7414169e+05         7.5501578e+04         4.8267406e+04         1.7547107e+04         1.3943787e+04         1.5345483e+04
2008-03-26/12:16:15.237         4.4692016e+07         3.0217694e+07         2.2111502e+07         1.1353856e+07         2.7629550e+06         3.1576325e+05         9.0170266e+04         5.9277508e+04         3.0597738e+04         2.0864488e+04         1.7316545e+04
2008-03-26/12:17:51.389         4.1584740e+07         2.7868624e+07         1.7764576e+07         1.0593600e+07         3.0558168e+06         9.2860688e+05         2.9463859e+05         5.6275910e+04         2.8023277e+04         2.1137895e+04         1.4275225e+04
2008-03-26/12:19:27.541         4.5834028e+07         2.9547764e+07         2.0368024e+07         1.0620104e+07         4.5505260e+06         1.7899425e+06         2.9960728e+05         7.0174492e+04         2.4485637e+04         1.9824547e+04         2.3233822e+04
2008-03-26/12:21:03.693         4.5550364e+07         2.9290482e+07         1.8045654e+07         1.2824563e+07         6.1825315e+06         1.3469136e+06         2.2847830e+05         6.2465668e+04         3.1940473e+04         2.1640854e+04         1.9297850e+04
2008-03-26/12:22:39.844         4.3827696e+07         2.8218200e+07         2.1485298e+07         1.4769320e+07         5.6712680e+06         1.0060067e+06         1.6680733e+05         4.5997055e+04         2.3299488e+04         1.7842619e+04         9.3156934e+03
2008-03-26/12:24:15.985         3.3203804e+07         2.3448500e+07         1.8295596e+07         1.1536817e+07         3.8775175e+06         5.7350862e+05         1.5334323e+05         4.1868480e+04         2.0159580e+04         2.7625375e+04         1.6543373e+04
2008-03-26/12:25:52.117         3.5788456e+07         2.5624228e+07         1.9052734e+07         1.1541430e+07         3.2662080e+06         5.5065581e+05         1.7382566e+05         4.6163156e+04         2.7108994e+04         2.5079930e+04         2.2424809e+04
2008-03-26/12:27:28.239         3.6584588e+07         2.6082252e+07         1.9000214e+07         1.1803442e+07         3.5245422e+06         5.1219344e+05         1.4652286e+05         4.8458371e+04         3.2169711e+04         2.1891926e+04         2.2196947e+04
2008-03-26/12:29:04.352         3.5609360e+07         2.4834684e+07         1.9331584e+07         1.3523905e+07         3.7019030e+06         7.2143869e+05         1.5901112e+05         5.3981785e+04         3.0773545e+04         3.0188631e+04         1.5711971e+04
2008-03-26/12:30:40.456         3.4970996e+07         2.4922884e+07         1.9890592e+07         1.3704975e+07         4.1567050e+06         7.7389869e+05         1.4693238e+05         5.0957559e+04         4.0780180e+04         2.4880516e+04         2.0419543e+04
2008-03-26/12:32:16.551         3.7299728e+07         2.8548484e+07         2.0979428e+07         1.0661013e+07         3.5894460e+06         6.0340331e+05         1.5505622e+05         6.2509387e+04         3.2090275e+04         2.4718365e+04         1.6028614e+04
2008-03-26/12:33:52.638         3.9109156e+07         3.0163472e+07         1.9724246e+07         1.1316040e+07         2.2906642e+06         5.7322625e+05         1.8636988e+05         7.4625805e+04         5.3218695e+04         3.6961527e+04         3.5854605e+04
2008-03-26/12:35:28.717         4.0658992e+07         2.8762642e+07         1.8860164e+07         8.3515240e+06         1.4974628e+06         5.1335231e+05         2.0820683e+05         7.3216562e+04         5.8516238e+04         4.4996953e+04         3.2315707e+04
2008-03-26/12:37:04.789         3.7205228e+07         2.5107762e+07         1.5872226e+07         5.3176215e+06         1.0557556e+06         4.7673212e+05         1.8811983e+05         7.1884203e+04         5.0836930e+04         4.3472660e+04         3.5048332e+04
2008-03-26/12:38:40.852         4.0042516e+07         2.9922040e+07         1.9166134e+07         6.8633230e+06         1.3311762e+06         4.1966738e+05         1.7600858e+05         7.4122586e+04         4.4763461e+04         3.9074727e+04         2.4411750e+04
2008-03-26/12:40:19.911         4.1205720e+07         3.0402190e+07         1.7885218e+07         5.8449310e+06         1.2245546e+06         4.7635591e+05         1.8778719e+05         8.3653945e+04         6.3224840e+04         5.0491598e+04         2.9540449e+04
2008-03-26/12:41:55.960         4.4819636e+07         3.2352942e+07         1.7304052e+07         5.6959970e+06         1.2341896e+06         5.0993591e+05         1.7680336e+05         8.9232047e+04         5.6356840e+04         3.2043904e+04         3.2219764e+04
2008-03-26/12:43:32.002         4.5240556e+07         2.9380920e+07         1.3527618e+07         4.2943175e+06         9.7920744e+05         5.0637581e+05         1.8666508e+05         8.2161422e+04         5.2248891e+04         3.6820621e+04         3.0327449e+04
2008-03-26/12:45:08.037         4.6193444e+07         2.8990826e+07         1.2600684e+07         3.9308912e+06         9.1968025e+05         5.6609825e+05         1.9073125e+05         9.2702266e+04         6.2903117e+04         4.2905133e+04         3.7754484e+04
2008-03-26/12:46:44.067         4.7169356e+07         2.9025954e+07         1.3116294e+07         4.1059118e+06         1.0126060e+06         7.0361238e+05         2.4384356e+05         1.1314361e+05         6.3626230e+04         5.4939137e+04         4.4604242e+04
2008-03-26/12:48:20.090         4.8533352e+07         3.1541334e+07         1.5282739e+07         5.9769475e+06         1.3884459e+06         8.1609600e+05         2.6068555e+05         1.1277820e+05         7.1830938e+04         5.8233062e+04         5.5506797e+04
2008-03-26/12:49:56.114         4.6005848e+07         2.8642718e+07         1.4980260e+07         4.9237615e+06         1.3957310e+06         1.0247958e+06         2.8050522e+05         1.1756955e+05         6.9480227e+04         5.9827590e+04         3.9440457e+04
2008-03-26/12:51:32.137         4.6133476e+07         2.8640058e+07         1.4025652e+07         4.4897280e+06         1.4817052e+06         9.9177656e+05         2.6679088e+05         1.2331281e+05         7.8831117e+04         7.1391844e+04         4.7439531e+04
2008-03-26/12:53:08.160         4.5144436e+07         2.4846158e+07         1.0679231e+07         3.4488278e+06         1.3887581e+06         1.0617562e+06         2.7600184e+05         1.1870187e+05         7.0481570e+04         5.0041207e+04         5.5277148e+04
2008-03-26/12:54:44.177         4.6966164e+07         2.9428972e+07         1.3030923e+07         4.2393785e+06         1.6911224e+06         1.1679800e+06         3.4738528e+05         1.4222611e+05         8.8671359e+04         5.6500941e+04         5.4652074e+04
2008-03-26/12:56:20.187         4.6539012e+07         2.8133098e+07         1.1836631e+07         3.9117590e+06         1.7277295e+06         1.2260080e+06         3.2923556e+05         1.4091812e+05         7.7691609e+04         5.5475094e+04         4.5213020e+04
2008-03-26/12:57:56.190         4.3304548e+07         3.0350576e+07         1.5419210e+07         4.7624685e+06         1.9534150e+06         1.3220658e+06         3.9258419e+05         1.5514633e+05         8.7066219e+04         7.1540219e+04         5.0221160e+04
2008-03-26/12:59:35.187         4.1659264e+07         2.7350272e+07         9.7470650e+06         3.4650452e+06         1.9018579e+06         1.3844272e+06         4.1289838e+05         1.9128742e+05         8.8321883e+04         7.0702945e+04         6.9292016e+04
