2008-03-26/08:01:00.715         5.7129965e+06         3.9394198e+06         2.9125000e+06         1.7056455e+06         4.2825916e+05         1.7702531e+04         1.2242325e+03         1.3987184e+03         2.3040850e+03         1.7401719e+03         4.0223618e+02
2008-03-26/08:02:36.786         6.9664780e+06         4.3327125e+06         2.7622010e+06         1.4159616e+06         3.2363672e+05         3.7567211e+04         7.0992354e+03         2.3390139e+03         8.7671234e+02         1.0912144e+03         1.0243076e+03
2008-03-26/08:04:12.857         4.8004395e+06         2.9697788e+06         2.0528685e+06         1.0511255e+06         3.0926616e+05         5.6350500e+04         8.2262607e+03         1.4921146e+03         8.7671234e+02         1.4301650e+03         4.0223618e+02
2008-03-26/08:05:48.928         8.0325185e+06         4.7171495e+06         2.6872215e+06         1.0295099e+06         2.8690084e+05         6.5378734e+04         5.9911240e+03         2.0034189e+02         2.9793008e+03         3.1000690e+02         1.0928260e+03
2008-03-26/08:07:25.000         5.9793655e+06         3.6338802e+06         2.1051538e+06         1.0040178e+06         3.1238941e+05         5.2003422e+04         4.5587305e+03         1.0809325e+03         2.6540830e+03         2.4401436e+03         0.0000000e+00
2008-03-26/08:09:01.071         5.3205530e+06         3.0159935e+06         1.8185724e+06         9.4953781e+05         2.6500866e+05         3.7062789e+04         4.2635903e+03         1.0017095e+03         0.0000000e+00         3.1000690e+02         0.0000000e+00
2008-03-26/08:10:37.142         5.2894645e+06         2.9652078e+06         1.8505314e+06         1.0024226e+06         2.9538700e+05         4.7860555e+04         4.0701040e+03         4.7990680e+02         0.0000000e+00         6.2001379e+02         5.8237408e+02
2008-03-26/08:12:13.214         5.0459095e+06         2.9307205e+06         1.8051831e+06         9.0997350e+05         2.6057438e+05         3.2162611e+04         2.6367637e+03         6.5235199e+02         4.3835617e+02         9.3074377e+02         0.0000000e+00
2008-03-26/08:13:49.285         5.1307975e+06         2.9823655e+06         1.8123876e+06         8.7720444e+05         2.0757108e+05         1.8127539e+04         1.3935487e+03         6.5235199e+02         0.0000000e+00         9.3002069e+02         9.6353235e+02
2008-03-26/08:15:25.356         4.9456710e+06         2.6182022e+06         1.4477686e+06         6.7868212e+05         1.4242734e+05         1.2466240e+04         3.1906274e+03         1.2533777e+03         2.4774282e+03         1.0094425e+03         0.0000000e+00
2008-03-26/08:17:01.428         4.3385215e+06         2.1293370e+06         1.0925310e+06         5.1751953e+05         8.8616070e+04         5.7849258e+03         1.9309630e+03         1.0017095e+03         4.3835617e+02         1.4875474e+03         1.8556495e+03
2008-03-26/08:18:37.499         4.4718960e+06         2.2771350e+06         1.1669761e+06         4.6773262e+05         6.8080539e+04         6.8178789e+03         4.0764897e+03         2.3698826e+03         1.9267678e+03         1.4563619e+03         3.1377500e+03
2008-03-26/08:20:13.570         5.0136965e+06         2.6471855e+06         1.4948088e+06         6.4502512e+05         9.7423461e+04         1.3210381e+04         3.0994636e+03         1.7582328e+03         2.1917808e+03         8.0996429e+02         9.0752271e+02
2008-03-26/08:21:49.641         4.9475930e+06         3.0254245e+06         1.9799036e+06         9.8513375e+05         1.3788172e+05         6.9941245e+03         1.7795315e+03         1.7170291e+03         1.3150685e+03         1.2138032e+03         1.3242998e+03
2008-03-26/08:23:25.713         4.6728570e+06         2.8989168e+06         1.4336176e+06         4.1962722e+05         3.6495828e+04         6.5366841e+03         2.6983057e+03         9.1566150e+02         2.8802168e+03         1.0094425e+03         1.2067085e+03
2008-03-26/08:25:01.784         4.6826055e+06         2.4332075e+06         1.0205045e+06         2.9415909e+05         4.2050832e+04         9.5845732e+03         4.4632363e+03         1.4028605e+03         1.5836625e+03         2.1006567e+03         0.0000000e+00
2008-03-26/08:26:37.855         4.6185625e+06         2.4184680e+06         9.8925662e+05         3.5814066e+05         1.1902059e+05         1.6878117e+04         5.2677671e+03         3.2147605e+03         1.4884116e+03         3.3002368e+03         0.0000000e+00
2008-03-26/08:28:13.927         4.9683655e+06         2.4689240e+06         1.2165919e+06         5.8623675e+05         1.6567889e+05         2.1926654e+04         5.8662773e+03         1.9057297e+03         2.3880947e+03         2.0556760e+03         2.0144669e+03
2008-03-26/08:29:49.998         4.8502725e+06         2.5989735e+06         1.4259439e+06         7.0156725e+05         1.5818444e+05         1.6280707e+04         6.0843955e+03         1.2812744e+03         2.9703723e+03         1.1199712e+03         0.0000000e+00
2008-03-26/08:31:26.069         4.5049120e+06         2.5285320e+06         1.4050152e+06         5.7004756e+05         1.2157377e+05         1.7599211e+04         4.0871265e+03         6.5235199e+02         4.1847817e+03         1.3626165e+03         8.0447235e+02
2008-03-26/08:33:02.141         5.2996630e+06         2.8423332e+06         1.6180140e+06         7.4022944e+05         1.6820369e+05         3.1654385e+04         5.6607207e+03         1.4816163e+03         2.8989956e+03         1.3194495e+03         0.0000000e+00
2008-03-26/08:34:38.212         4.7369655e+06         2.3399260e+06         1.1638662e+06         6.0282056e+05         1.4527181e+05         2.2039166e+04         4.8987158e+03         1.9691990e+03         3.0197898e+03         1.7069569e+03         0.0000000e+00
2008-03-26/08:36:14.283         3.3379638e+06         2.3173878e+06         1.6238726e+06         8.5150588e+05         2.1196022e+05         2.7602002e+04         5.2663794e+03         1.7746016e+03         1.6293158e+03         3.0577002e+03         8.0447235e+02
2008-03-26/08:37:50.355         4.4978670e+06         2.6682192e+06         1.6675484e+06         7.6494256e+05         1.7178595e+05         2.1395936e+04         2.7672485e+03         3.1961985e+03         1.1267921e+03         1.9094141e+03         4.0223618e+02
2008-03-26/08:39:26.426         3.6980782e+06         2.0522270e+06         1.1403222e+06         5.0356091e+05         1.1960750e+05         2.4196080e+04         6.6854512e+03         1.3969980e+03         1.9267679e+03         1.2400276e+03         4.0223618e+02
2008-03-26/08:41:02.497         4.2996410e+06         2.4535505e+06         1.4199406e+06         6.2048194e+05         1.2251467e+05         2.6154660e+04         7.8209980e+03         2.0773306e+03         2.1001111e+03         9.3002069e+02         3.2383074e+03
2008-03-26/08:42:38.568         2.5558382e+06         1.5711929e+06         9.4261188e+05         4.3345138e+05         1.0280818e+05         2.1928320e+04         5.9429575e+03         1.1058807e+03         1.7930793e+03         6.2001379e+02         2.2310161e+03
2008-03-26/08:44:14.640         3.0069725e+06         2.0421996e+06         1.1980565e+06         5.1887769e+05         1.0922101e+05         2.0496049e+04         1.1812756e+04         2.6680266e+03         3.8568477e+03         3.5930464e+03         8.0447235e+02
2008-03-26/08:45:50.711         3.6350855e+06         2.2471790e+06         1.3045640e+06         4.9312216e+05         9.2447984e+04         3.5803375e+04         9.4438926e+03         2.6709148e+03         2.5060283e+03         1.2400276e+03         2.6601218e+03
2008-03-26/08:47:26.782         4.1444760e+06         2.2584508e+06         1.1072552e+06         3.3906812e+05         5.5196629e+04         4.6814000e+04         1.2194308e+04         3.2446602e+03         6.2730869e+03         1.7088782e+03         3.1253606e+03
2008-03-26/08:49:02.854         3.3392355e+06         1.6554028e+06         8.2248606e+05         2.7079228e+05         6.8892773e+04         6.8478398e+04         1.3554604e+04         4.0792351e+03         5.4857388e+03         6.2001379e+02         1.7680046e+03
2008-03-26/08:50:38.925         2.7065472e+06         1.4707476e+06         7.7941112e+05         2.7263362e+05         5.8107355e+04         5.8241586e+04         1.4528490e+04         5.2828750e+03         2.0676719e+03         1.9826304e+03         4.0223618e+02
2008-03-26/08:52:14.996         1.7800831e+06         8.1665381e+05         4.3206784e+05         2.1072275e+05         6.0658367e+04         3.8807172e+04         7.0193154e+03         2.1339683e+03         1.4273727e+03         6.2001379e+02         2.1702407e+03
2008-03-26/08:53:51.068         2.6981588e+06         1.2690156e+06         6.8631925e+05         3.1154894e+05         1.3496356e+05         6.1923988e+04         1.3950236e+04         3.4117781e+03         3.2418364e+03         3.1905244e+03         3.3381272e+03
2008-03-26/08:55:27.139         2.7738672e+06         1.4560384e+06         7.5223944e+05         3.4459603e+05         1.3648022e+05         7.1119727e+04         1.1021061e+04         2.2829836e+03         2.8034802e+03         3.5837280e+03         9.0752271e+02
2008-03-26/08:57:03.210         3.1388882e+06         1.8084279e+06         9.7174688e+05         3.4770375e+05         1.0882702e+05         6.6690234e+04         1.5465092e+04         3.1398667e+03         4.5216157e+03         1.4168848e+03         0.0000000e+00
2008-03-26/08:58:39.282         2.9516185e+06         1.5883125e+06         8.5373469e+05         3.9641672e+05         1.1508574e+05         8.5984859e+04         1.5953918e+04         4.8929766e+03         2.6443203e+03         9.3002069e+02         1.7680046e+03
2008-03-26/09:00:15.353         3.3834612e+06         1.9034425e+06         9.9849594e+05         3.7289662e+05         1.1075972e+05         7.1165766e+04         1.2909640e+04         3.0092473e+03         2.7424412e+03         1.1199712e+03         3.0472805e+03
2008-03-26/09:01:51.424         4.1732828e+06         2.1504045e+06         9.9574619e+05         3.9761894e+05         1.3837155e+05         8.6367125e+04         1.1926822e+04         4.8747007e+03         1.5555234e+03         4.1348022e+03         2.4134170e+03
2008-03-26/09:03:27.496         4.1192952e+06         2.0485988e+06         1.0037126e+06         3.8277750e+05         1.4800867e+05         7.8106664e+04         1.3910148e+04         6.3905928e+03         2.6183325e+03         1.5416860e+03         5.6129614e+02
2008-03-26/09:05:03.567         3.8342910e+06         2.1052415e+06         1.0777915e+06         4.3181888e+05         1.1004009e+05         6.4793242e+04         1.2381521e+04         2.1868132e+03         8.7671234e+02         7.9687097e+02         0.0000000e+00
2008-03-26/09:06:39.638         4.4033375e+06         2.5192245e+06         1.2702600e+06         4.3797775e+05         1.1283207e+05         7.0858883e+04         1.0255167e+04         2.7506704e+03         8.7671234e+02         7.8944281e+02         4.0223618e+02
2008-03-26/09:08:15.710         4.5611840e+06         2.2790340e+06         9.9977625e+05         2.7644247e+05         1.0517029e+05         6.6902375e+04         1.1671100e+04         3.1470271e+03         4.2022588e+03         1.8600413e+03         4.0223618e+02
2008-03-26/09:09:51.781         4.2031125e+06         2.1100272e+06         8.8800312e+05         2.5075447e+05         1.1906288e+05         6.9798836e+04         6.7094263e+03         3.9185947e+03         3.5068494e+03         7.8944275e+02         9.2206360e+02
2008-03-26/09:11:27.852         4.3544975e+06         2.1856770e+06         9.0099612e+05         3.4039672e+05         1.7371778e+05         7.9739180e+04         1.4599057e+04         4.6605532e+03         2.7729766e+03         2.4946477e+03         1.7680046e+03
2008-03-26/09:13:03.923         3.9196435e+06         1.8396314e+06         7.3734962e+05         2.8764134e+05         1.5558403e+05         5.7823379e+04         1.2946803e+04         6.6171909e+03         4.6387051e+03         1.3194495e+03         8.0447235e+02
2008-03-26/09:14:39.995         3.8064740e+06         1.7035570e+06         6.6392962e+05         2.2560720e+05         1.5165027e+05         5.7753289e+04         1.2790029e+04         4.8863828e+03         1.0500555e+03         1.6294563e+03         4.0223618e+02
2008-03-26/09:16:16.066         4.2576610e+06         1.8728251e+06         7.4825988e+05         2.1637175e+05         1.4987219e+05         6.5393074e+04         1.5783979e+04         6.7233657e+03         9.8901642e+02         3.1000690e+02         0.0000000e+00
2008-03-26/09:17:52.137         4.5488405e+06         2.1492615e+06         8.3531731e+05         2.3807334e+05         1.2965988e+05         5.6249641e+04         1.4154553e+04         9.1305459e+03         2.3651240e+03         2.0782971e+03         1.3377782e+03
2008-03-26/09:19:28.209         4.2011645e+06         1.9173414e+06         6.7511012e+05         2.1415633e+05         1.3934583e+05         5.5674508e+04         1.3048988e+04         4.5321807e+03         8.7671234e+02         1.7194634e+03         1.5278672e+03
2008-03-26/09:21:04.280         3.9705112e+06         1.8213732e+06         6.9063169e+05         2.3190566e+05         1.5786828e+05         5.2478949e+04         1.5403061e+04         5.1863423e+03         0.0000000e+00         3.1064758e+03         1.2067085e+03
2008-03-26/09:22:40.351         3.8472630e+06         1.6242239e+06         6.0878931e+05         1.9799898e+05         1.6163392e+05         4.1632383e+04         1.7080092e+04         2.5417825e+03         2.6540833e+03         1.0094425e+03         0.0000000e+00
2008-03-26/09:24:16.423         3.8209648e+06         1.4968618e+06         4.5147066e+05         1.9108333e+05         1.3261950e+05         4.6946586e+04         1.1021441e+04         2.8065442e+03         4.3835617e+02         0.0000000e+00         1.3868464e+03
2008-03-26/09:25:52.494         3.4910710e+06         1.2804568e+06         3.6400809e+05         2.5032380e+05         1.4044478e+05         4.1696707e+04         1.3964058e+04         2.2357888e+03         4.4217021e+03         1.6275352e+03         3.6053035e+03
2008-03-26/09:27:28.566         3.4036235e+06         1.2308479e+06         4.2395362e+05         2.3551853e+05         1.5149761e+05         4.2537320e+04         1.2558130e+04         4.0738403e+03         4.1991309e+03         2.5401567e+03         8.0447235e+02
2008-03-26/09:29:04.637         3.3829432e+06         1.3086166e+06         4.2730078e+05         2.3920677e+05         1.5031103e+05         4.2682656e+04         1.1532442e+04         3.9616162e+03         1.9813557e+03         1.2400276e+03         8.0447235e+02
2008-03-26/09:30:40.708         3.2380732e+06         1.1806194e+06         3.6433831e+05         2.1581278e+05         1.3466920e+05         3.5925758e+04         1.8230355e+04         3.5633657e+03         3.7609221e+03         1.7399849e+03         1.2067085e+03
2008-03-26/09:32:16.780         3.5380138e+06         1.3516221e+06         4.2561322e+05         2.2174183e+05         1.3183206e+05         3.1426393e+04         1.2837144e+04         4.3611743e+03         1.7740591e+03         6.9943561e+02         2.2578857e+03
2008-03-26/09:33:52.851         4.1718062e+06         1.7071219e+06         5.9870438e+05         2.4424330e+05         1.3783922e+05         3.5419453e+04         1.2971643e+04         3.4230020e+03         6.1169934e+02         1.1320314e+03         5.0528656e+02
2008-03-26/09:35:28.922         3.7922760e+06         1.4486066e+06         5.2666075e+05         2.5218891e+05         1.3274358e+05         4.4038074e+04         1.6952600e+04         1.9259534e+03         8.7671234e+02         1.2400276e+03         9.0752271e+02
2008-03-26/09:37:04.994         3.0861650e+06         1.1550280e+06         3.3674066e+05         1.9056967e+05         1.0584509e+05         3.6314887e+04         7.0828940e+03         3.5598069e+03         1.1909596e+03         9.3002069e+02         4.0223618e+02
2008-03-26/09:38:41.065         2.7360270e+06         9.6483388e+05         2.7756116e+05         1.5307348e+05         1.0408520e+05         2.8572412e+04         1.0356125e+04         5.2812915e+03         2.2734541e+03         1.2400276e+03         6.3170972e+02
2008-03-26/09:40:17.136         3.0739735e+06         1.0846895e+06         4.0561119e+05         3.1331516e+05         1.7649050e+05         6.5444938e+04         3.5305406e+04         6.6049854e+03         6.2320527e+03         2.3394773e+03         6.2207147e+02
2008-03-26/09:41:53.208         2.0344670e+06         7.2537412e+05         4.6194769e+05         3.6410612e+05         1.4668416e+05         3.3544344e+04         1.2891625e+04         5.3312324e+03         2.0035046e+03         1.4301650e+03         4.0223618e+02
2008-03-26/09:43:29.279         1.3701420e+06         4.1057578e+05         2.3724798e+05         2.0004989e+05         8.4603422e+04         2.0307059e+04         8.4149941e+03         2.9846533e+03         4.3835617e+02         3.1000690e+02         2.3582007e+03
2008-03-26/09:45:05.350         1.3805606e+06         4.2653472e+05         2.3691794e+05         1.8771975e+05         9.2247109e+04         2.6195117e+04         1.7467988e+04         6.2499111e+03         0.0000000e+00         7.5884766e+02         9.6353229e+02
2008-03-26/09:46:41.422         1.6193746e+06         6.2915969e+05         4.6345194e+05         3.7297944e+05         1.6089561e+05         8.6600000e+04         3.1323123e+04         3.3839707e+03         2.7582878e+03         0.0000000e+00         4.0223618e+02
2008-03-26/09:48:17.493         1.4748455e+06         5.7675912e+05         4.3610925e+05         3.5333816e+05         1.1116422e+05         5.1758664e+04         1.7814682e+04         2.0128494e+03         4.0293564e+03         1.1775404e+03         0.0000000e+00
2008-03-26/09:49:53.564         1.1979424e+06         4.5916153e+05         3.2021572e+05         1.9634984e+05         8.5379188e+04         4.7161691e+04         1.2506475e+04         1.4925603e+03         1.1267921e+03         6.2001379e+02         6.4869830e+02
2008-03-26/09:51:29.636         1.3117429e+06         4.1104584e+05         2.1267844e+05         1.7155506e+05         7.7416625e+04         3.5541723e+04         1.1419522e+04         1.4367721e+03         2.4313569e+03         0.0000000e+00         1.2067085e+03
2008-03-26/09:53:05.707         1.5643765e+06         5.1974759e+05         2.6812634e+05         2.5680862e+05         1.8972694e+05         1.3686728e+05         1.3997191e+04         3.3080457e+03         1.9267678e+03         1.1751985e+03         1.2076466e+03
2008-03-26/09:54:41.779         1.6382556e+06         6.5224150e+05         5.1748841e+05         3.9786488e+05         1.3209852e+05         4.0973344e+04         1.0809662e+04         1.5563723e+03         2.0222832e+03         9.3002069e+02         1.3072662e+03
2008-03-26/09:56:17.850         1.2648574e+06         4.6081225e+05         3.3579238e+05         2.4594775e+05         6.6274359e+04         1.8373230e+04         5.7706738e+03         1.2812744e+03         1.0730262e+03         3.1000690e+02         9.6353235e+02
2008-03-26/09:57:53.921         1.1191544e+06         4.2320456e+05         3.0553894e+05         1.7535941e+05         6.6266305e+04         2.7158820e+04         7.2548252e+03         3.4146638e+03         1.6007158e+03         6.2001379e+02         1.3072662e+03
2008-03-26/09:59:29.993         1.5922836e+06         5.5045869e+05         3.9125912e+05         2.9244481e+05         1.0694941e+05         5.4676512e+04         1.1670729e+04         2.2482622e+03         3.0723386e+03         3.1000690e+02         0.0000000e+00
2008-03-26/10:01:06.064         1.5217786e+06         5.4007031e+05         3.8491562e+05         2.7914225e+05         7.6177359e+04         2.2421965e+04         7.3390386e+03         1.3163452e+03         2.5060283e+03         3.1000690e+02         8.0447235e+02
2008-03-26/10:02:42.135         1.1671095e+06         4.5264006e+05         3.5572078e+05         2.1853252e+05         4.4499531e+04         1.6961092e+04         9.7271504e+03         3.3091804e+03         0.0000000e+00         0.0000000e+00         0.0000000e+00
2008-03-26/10:04:18.207         1.0823216e+06         4.1328012e+05         2.3743323e+05         1.4507672e+05         4.9992699e+04         2.2394719e+04         6.2379028e+03         1.0809325e+03         1.0048630e+03         3.1000690e+02         0.0000000e+00
2008-03-26/10:05:54.278         9.3798869e+05         2.7707816e+05         1.6903823e+05         8.7489750e+04         2.4882014e+04         9.6072051e+03         2.7013091e+03         1.6459951e+03         1.3150685e+03         0.0000000e+00         6.4869830e+02
2008-03-26/10:07:30.350         1.1638689e+06         3.7571656e+05         2.3562464e+05         1.3664159e+05         3.7863684e+04         1.6987053e+04         8.6547539e+03         3.6684602e+03         4.3835617e+02         3.8942871e+02         1.6089447e+03
2008-03-26/10:09:06.421         9.0026100e+05         2.5992272e+05         1.7537948e+05         9.3163633e+04         4.4585383e+04         3.4827734e+04         1.3831512e+04         2.3625559e+03         8.7671234e+02         3.1000690e+02         0.0000000e+00
2008-03-26/10:10:42.492         8.3698806e+05         2.7493047e+05         2.0035512e+05         1.7879752e+05         8.5795430e+04         3.2933812e+04         1.5117042e+04         3.7936968e+03         1.5429996e+03         1.4301650e+03         0.0000000e+00
2008-03-26/10:12:18.564         5.8273556e+05         2.9194625e+05         2.8735959e+05         1.8419002e+05         5.8826211e+04         3.9956703e+04         1.5224024e+04         1.3456718e+03         1.3150685e+03         1.1199712e+03         0.0000000e+00
2008-03-26/10:13:54.635         6.3703550e+05         3.7758134e+05         3.3154588e+05         2.5450119e+05         6.9323477e+04         5.3787691e+04         8.6839902e+03         2.8309634e+03         8.7671234e+02         1.1862998e+03         0.0000000e+00
2008-03-26/10:15:30.706         6.6413144e+05         4.5006222e+05         3.8363162e+05         2.6859850e+05         7.1591102e+04         5.1107496e+04         1.3762119e+04         4.1518647e+03         2.7561082e+03         6.2001379e+02         0.0000000e+00
2008-03-26/10:17:06.778         6.8718962e+05         4.2050175e+05         3.2606659e+05         1.5444267e+05         5.2844375e+04         2.5981010e+04         9.3968672e+03         3.8466902e+03         8.7671234e+02         0.0000000e+00         0.0000000e+00
2008-03-26/10:18:42.849         7.2334831e+05         4.0345931e+05         3.0010219e+05         1.3923959e+05         5.2538762e+04         3.3437645e+04         6.4943940e+03         3.6825869e+03         2.1001111e+03         3.1000690e+02         4.0223618e+02
2008-03-26/10:20:18.920         7.6318019e+05         4.4827550e+05         3.1533212e+05         2.1168408e+05         1.0488072e+05         6.5771195e+04         2.4306238e+04         8.6560371e+03         3.6981104e+03         1.0526096e+03         0.0000000e+00
2008-03-26/10:21:54.992         7.0660438e+05         4.5215056e+05         4.1395288e+05         2.4222409e+05         1.2990320e+05         8.8158406e+04         3.3957672e+04         9.1077871e+03         4.1156787e+03         6.2001379e+02         1.8384183e+03
2008-03-26/10:23:31.063         7.0521956e+05         4.8827075e+05         3.4327459e+05         2.1918369e+05         1.2672970e+05         7.8068000e+04         3.0518330e+04         8.7236533e+03         3.0324338e+03         0.0000000e+00         1.3097589e+03
2008-03-26/10:25:07.135         7.8604369e+05         4.5490928e+05         3.8107841e+05         2.3272678e+05         1.3306764e+05         9.2971844e+04         3.3350715e+04         6.9698403e+03         2.6341792e+03         3.1000690e+02         4.0223618e+02
2008-03-26/10:26:43.206         6.3736900e+05         3.6690581e+05         3.1364491e+05         1.8768844e+05         1.1671631e+05         7.6887938e+04         2.8105592e+04         5.4230459e+03         1.3150685e+03         6.2001379e+02         0.0000000e+00
2008-03-26/10:28:19.277         6.4537644e+05         3.3566550e+05         3.1210975e+05         1.8250845e+05         1.1621333e+05         7.1279570e+04         2.2512352e+04         8.3530176e+03         1.3150685e+03         3.1000690e+02         4.0223618e+02
2008-03-26/10:29:55.349         6.9447325e+05         4.4577016e+05         3.1886869e+05         2.4168500e+05         1.2836688e+05         8.5079094e+04         2.8467732e+04         7.8821665e+03         4.2344336e+03         1.2400276e+03         1.6098828e+03
2008-03-26/10:31:31.420         6.3428588e+05         4.1250612e+05         3.0796994e+05         2.2655697e+05         1.3284808e+05         8.6165312e+04         3.3218812e+04         7.3259580e+03         3.1839607e+03         3.1000690e+02         0.0000000e+00
2008-03-26/10:33:07.491         5.8489200e+05         3.6503303e+05         3.3004456e+05         2.5945598e+05         1.5506156e+05         9.1379328e+04         2.7458498e+04         9.3482832e+03         3.2919148e+03         3.1000690e+02         4.0223618e+02
2008-03-26/10:34:43.563         5.7544000e+05         3.9189053e+05         3.5563566e+05         2.5390695e+05         1.5025569e+05         8.2555531e+04         2.4636189e+04         8.9194932e+03         1.8657288e+03         0.0000000e+00         1.6098827e+03
2008-03-26/10:36:19.634         4.8394897e+05         3.6519209e+05         2.7536712e+05         2.5085186e+05         1.4672794e+05         7.8725445e+04         2.5555891e+04         7.2875576e+03         2.4418606e+03         1.4622643e+03         0.0000000e+00
2008-03-26/10:37:55.706         3.8998841e+05         2.8443462e+05         2.3335236e+05         1.9911116e+05         1.2156150e+05         7.1313398e+04         2.0496432e+04         5.0315928e+03         0.0000000e+00         0.0000000e+00         6.3170972e+02
2008-03-26/10:39:31.777         4.3096972e+05         3.2817203e+05         2.8980788e+05         2.1716680e+05         1.4033269e+05         7.5541438e+04         2.9650438e+04         7.8832544e+03         3.1406985e+03         3.1000690e+02         0.0000000e+00
2008-03-26/10:41:07.848         4.0803778e+05         3.1856484e+05         2.8732159e+05         2.4581244e+05         1.2441521e+05         7.4302602e+04         2.2334258e+04         2.8424631e+03         2.9454070e+03         0.0000000e+00         0.0000000e+00
2008-03-26/10:42:43.920         2.9621362e+05         2.3784123e+05         2.0168641e+05         1.5373316e+05         9.1340133e+04         5.1655062e+04         7.4604160e+03         1.4023933e+03         4.3835617e+02         3.1000690e+02         4.0223618e+02
2008-03-26/10:44:19.991         2.0303338e+05         1.4113941e+05         1.1025099e+05         8.4797961e+04         4.8615793e+04         3.0380547e+04         1.5415942e+04         3.0097632e+03         0.0000000e+00         3.1000690e+02         8.0447235e+02
2008-03-26/10:45:56.063         2.2989372e+05         1.3891558e+05         9.0464359e+04         7.9350844e+04         7.9330484e+04         7.9459766e+04         2.2680627e+04         8.2656758e+03         1.6650665e+03         0.0000000e+00         8.0447235e+02
2008-03-26/10:47:32.134         1.7873144e+05         1.1879974e+05         1.1849966e+05         8.1381078e+04         1.0171505e+05         5.8712422e+04         9.7878662e+03         3.1605771e+03         8.7671234e+02         0.0000000e+00         6.2207147e+02
2008-03-26/10:49:08.205         1.4331278e+05         1.0106509e+05         8.6206055e+04         8.6550375e+04         1.0028716e+05         1.6041806e+04         4.8039355e+03         8.6664941e+02         5.5066028e+02         7.8944281e+02         0.0000000e+00
2008-03-26/10:50:44.277         9.1784766e+04         5.8980816e+04         4.5278746e+04         6.3775777e+04         3.6293789e+04         4.1306357e+03         3.6598726e+03         1.3620110e+03         0.0000000e+00         3.1000690e+02         1.3097589e+03
2008-03-26/10:52:20.348         7.7157000e+04         5.8493035e+04         5.0378902e+04         4.3139613e+04         1.2536991e+04         1.4925521e+04         4.5813838e+03         1.0530358e+03         1.6650665e+03         0.0000000e+00         0.0000000e+00
2008-03-26/10:53:56.419         1.3397362e+05         9.9402172e+04         1.0240758e+05         7.6527281e+04         1.0522385e+05         6.8667781e+04         1.1423001e+04         2.7877900e+03         4.3835617e+02         1.1687148e+03         4.0223618e+02
2008-03-26/10:55:32.491         1.3258792e+05         8.9411875e+04         8.5569008e+04         1.1896791e+05         1.1525765e+05         5.7678219e+04         7.7015273e+03         1.4614293e+03         8.7671234e+02         3.8942871e+02         0.0000000e+00
2008-03-26/10:57:08.562         1.1919829e+05         9.7175172e+04         8.3166570e+04         1.2541467e+05         9.4234078e+04         5.2378367e+04         9.5519238e+03         1.9222731e+03         4.3835617e+02         1.0075214e+03         1.0928260e+03
2008-03-26/10:58:44.634         1.1558610e+05         8.4152867e+04         6.1705832e+04         9.8160688e+04         6.1746883e+04         2.3028668e+04         5.5198994e+03         4.0068378e+02         0.0000000e+00         0.0000000e+00         0.0000000e+00
2008-03-26/11:00:20.705         3.5056008e+04         2.0424137e+04         2.1690307e+04         2.4291363e+04         1.9733986e+04         1.4104453e+04         4.0944399e+03         8.0136755e+02         8.7671234e+02         0.0000000e+00         0.0000000e+00
2008-03-26/11:01:56.776         4.8591926e+04         3.9534586e+04         2.3642615e+04         2.6295289e+04         3.2913793e+04         2.0342068e+04         2.3783071e+03         4.0068378e+02         4.3835617e+02         3.1000690e+02         0.0000000e+00
2008-03-26/11:03:32.848         2.7473125e+04         1.5729584e+04         1.8368424e+04         2.7512420e+04         1.9826809e+04         9.9623672e+03         1.8246578e+03         4.0068378e+02         0.0000000e+00         3.1000690e+02         1.7095024e+03
2008-03-26/11:05:08.919         4.9295000e+04         2.7038902e+04         3.2193100e+04         5.1770328e+04         3.9146582e+04         8.5962969e+03         4.6215864e+03         0.0000000e+00         4.3835617e+02         3.1000690e+02         0.0000000e+00
2008-03-26/11:06:44.991         5.5388105e+04         5.4089125e+04         6.5712828e+04         7.7371750e+04         3.9540711e+04         1.5653430e+04         2.5982603e+03         2.0034189e+02         0.0000000e+00         3.1000690e+02         0.0000000e+00
2008-03-26/11:08:21.062         4.5120457e+04         3.4681605e+04         4.7218516e+04         3.9665625e+04         2.5528164e+04         3.9353354e+03         1.7667803e+03         1.4676752e+03         3.4162021e+03         3.1000690e+02         0.0000000e+00
2008-03-26/11:09:57.133         6.1038133e+04         6.2600547e+04         4.7953691e+04         5.3530535e+04         2.6331139e+04         7.7155039e+03         4.2410010e+03         6.0102563e+02         4.3835617e+02         3.1000690e+02         0.0000000e+00
2008-03-26/11:11:33.205         5.2802406e+04         4.8308043e+04         5.2142199e+04         3.8211746e+04         2.8055514e+04         1.6673807e+04         2.4654595e+03         2.0034189e+02         1.3160909e+03         6.9943561e+02         0.0000000e+00
2008-03-26/11:13:09.276         2.7066521e+04         1.3314789e+04         1.9653289e+04         1.7016189e+04         1.6058848e+04         6.9267695e+03         5.2517096e+02         2.0034189e+02         2.8560264e+03         3.1000690e+02         0.0000000e+00
2008-03-26/11:14:45.348         1.4787307e+04         1.4992452e+04         1.4103270e+04         1.2113861e+04         5.5113081e+03         1.7617426e+03         4.3849725e+02         4.0068378e+02         5.6650690e+02         0.0000000e+00         4.0223618e+02
2008-03-26/11:16:21.419         6.5514150e+03         2.7918796e+03         3.2559346e+03         4.7981597e+03         2.8362485e+03         9.2574097e+02         1.3106497e+03         2.0034189e+02         6.7793225e+02         3.1000690e+02         4.0223618e+02
2008-03-26/11:17:57.490         3.3066670e+03         1.4692365e+03         1.7788143e+03         1.4993440e+03         1.4633806e+03         8.9672461e+02         3.6611011e+02         4.0068378e+02         0.0000000e+00         4.3259576e+02         4.0223618e+02
2008-03-26/11:19:33.562         2.8384297e+03         0.0000000e+00         4.4444446e+02         3.9472696e+02         0.0000000e+00         1.8514819e+02         1.8305505e+02         0.0000000e+00         4.3835617e+02         0.0000000e+00         0.0000000e+00
2008-03-26/11:21:09.633         4.7238098e+02         1.3387755e+03         4.4444446e+02         3.9472696e+02         0.0000000e+00         1.8514819e+02         0.0000000e+00         0.0000000e+00         0.0000000e+00         3.1000690e+02         5.0528656e+02
2008-03-26/11:22:45.705         2.2999868e+03         4.4625851e+02         0.0000000e+00         3.9472696e+02         0.0000000e+00         3.7029639e+02         1.8305505e+02         0.0000000e+00         4.3835617e+02         0.0000000e+00         4.0223618e+02
2008-03-26/11:24:21.776         2.3619048e+03         0.0000000e+00         0.0000000e+00         0.0000000e+00         0.0000000e+00         5.5544458e+02         3.6611011e+02         5.2343921e+02         0.0000000e+00         3.1000690e+02         0.0000000e+00
2008-03-26/11:25:57.847         9.4476196e+02         8.9251703e+02         4.4444446e+02         0.0000000e+00         0.0000000e+00         0.0000000e+00         1.8305505e+02         0.0000000e+00         4.3835617e+02         3.1000690e+02         1.7400143e+03
2008-03-26/11:27:33.919         9.4476196e+02         4.4625851e+02         0.0000000e+00         3.9472696e+02         2.7394315e+02         1.5878030e+03         3.6611011e+02         0.0000000e+00         1.1162885e+03         4.7120047e+02         0.0000000e+00
2008-03-26/11:29:09.990         4.2568862e+03         0.0000000e+00         0.0000000e+00         0.0000000e+00         0.0000000e+00         5.5544458e+02         7.7798340e+02         0.0000000e+00         2.4606394e+03         0.0000000e+00         0.0000000e+00
2008-03-26/11:30:46.062         5.1527358e+03         0.0000000e+00         4.4444446e+02         0.0000000e+00         4.7535022e+02         3.7029639e+02         3.6611011e+02         0.0000000e+00         0.0000000e+00         0.0000000e+00         0.0000000e+00
2008-03-26/11:32:22.133         2.4863350e+03         1.4531042e+03         0.0000000e+00         0.0000000e+00         0.0000000e+00         1.8514819e+02         4.6129282e+02         0.0000000e+00         4.3835617e+02         3.1000690e+02         4.0223618e+02
2008-03-26/11:33:58.205         4.7238098e+02         1.3398164e+03         0.0000000e+00         0.0000000e+00         0.0000000e+00         5.5544458e+02         0.0000000e+00         0.0000000e+00         0.0000000e+00         9.3074377e+02         0.0000000e+00
2008-03-26/11:35:34.276         9.4476196e+02         8.9251703e+02         0.0000000e+00         3.9472696e+02         0.0000000e+00         6.0173102e+02         0.0000000e+00         0.0000000e+00         4.3835617e+02         0.0000000e+00         0.0000000e+00
2008-03-26/11:37:10.347         5.9340198e+02         1.6586880e+03         0.0000000e+00         0.0000000e+00         5.5205420e+02         6.5700531e+02         4.2575906e+02         4.0068378e+02         0.0000000e+00         3.1000690e+02         0.0000000e+00
2008-03-26/11:38:46.419         3.3116272e+03         1.3387755e+03         0.0000000e+00         0.0000000e+00         1.6986301e+02         1.8514819e+02         0.0000000e+00         2.0034189e+02         0.0000000e+00         3.1000690e+02         6.2207147e+02
2008-03-26/11:40:22.490         2.1315659e+03         1.3387755e+03         0.0000000e+00         0.0000000e+00         0.0000000e+00         1.8514819e+02         2.9521835e+02         0.0000000e+00         0.0000000e+00         7.4260266e+02         0.0000000e+00
2008-03-26/11:41:58.562         3.7790474e+03         0.0000000e+00         0.0000000e+00         3.9472696e+02         1.6986301e+02         3.7029639e+02         4.1300766e+02         2.0034189e+02         4.3835617e+02         0.0000000e+00         0.0000000e+00
2008-03-26/11:43:34.633         3.8321040e+03         2.2323335e+03         4.4444446e+02         0.0000000e+00         6.9487164e+02         1.8514819e+02         1.8305505e+02         2.0034189e+02         9.8901648e+02         0.0000000e+00         4.0223618e+02
2008-03-26/11:45:10.704         3.3066665e+03         8.9251703e+02         1.0027528e+03         9.4554443e+02         5.5205420e+02         5.5544458e+02         6.0268018e+02         4.7990680e+02         0.0000000e+00         0.0000000e+00         0.0000000e+00
2008-03-26/11:46:46.776         3.1240127e+03         2.5049978e+03         5.5830835e+02         3.9472696e+02         1.6986301e+02         3.7029639e+02         1.8305505e+02         0.0000000e+00         0.0000000e+00         3.1000690e+02         8.0447235e+02
2008-03-26/11:48:22.847         2.8353877e+03         4.4625851e+02         1.3333334e+03         0.0000000e+00         1.2407854e+03         4.7148596e+02         3.6611011e+02         4.0068378e+02         0.0000000e+00         0.0000000e+00         4.0223618e+02
2008-03-26/11:49:58.919         1.8895239e+03         8.9251703e+02         4.4444446e+02         0.0000000e+00         3.3972601e+02         1.8514819e+02         1.8305505e+02         0.0000000e+00         0.0000000e+00         2.7850984e+03         8.0447235e+02
2008-03-26/11:51:34.990         2.4829258e+03         4.4625851e+02         0.0000000e+00         3.9472696e+02         0.0000000e+00         1.8514819e+02         3.6611011e+02         0.0000000e+00         0.0000000e+00         6.2001379e+02         4.0223618e+02
2008-03-26/11:53:11.062         4.9672319e+03         4.3762798e+03         2.1326370e+03         1.7841531e+03         1.1237568e+03         1.8514819e+02         7.3222021e+02         2.0034189e+02         1.0195518e+03         0.0000000e+00         0.0000000e+00
2008-03-26/11:54:47.133         8.6324219e+04         6.2637457e+04         4.3641285e+04         3.9063801e+04         2.3691084e+04         2.4525221e+04         8.7284189e+03         2.0034191e+03         1.7534247e+03         2.0732588e+03         5.6129614e+02
2008-03-26/11:56:23.204         1.9356098e+06         1.1663679e+06         7.0031412e+05         4.2873669e+05         1.5693005e+05         6.0347660e+04         2.9133213e+04         1.0387514e+04         5.2602734e+03         7.7114570e+03         5.1069707e+03
2008-03-26/11:57:59.276         2.1991056e+07         1.5457033e+07         1.1206703e+07         7.1425000e+06         2.7744155e+06         8.8843769e+05         1.9777097e+05         4.6664785e+04         2.6860088e+04         1.1803216e+04         1.0754005e+04
2008-03-26/11:59:35.347         1.7422814e+07         1.0188450e+07         6.7654945e+06         4.1331855e+06         1.9495830e+06         8.3140162e+05         2.9307650e+05         8.8841227e+04         3.1758119e+04         9.0734404e+03         7.7034761e+03
2008-03-26/12:01:11.419         1.6162507e+07         9.4306960e+06         5.8731215e+06         3.4414145e+06         1.4737791e+06         6.5260181e+05         1.5402345e+05         2.1818525e+04         6.1097114e+03         4.6197847e+03         1.2067085e+03
2008-03-26/12:02:47.490         1.6887758e+07         1.0171695e+07         6.5456435e+06         3.6374832e+06         1.2090708e+06         2.5356319e+05         3.6867215e+04         1.1168763e+04         7.6526851e+03         7.1652905e+03         3.1870369e+03
2008-03-26/12:04:23.562         1.6035950e+07         1.0384405e+07         7.2442080e+06         4.5705795e+06         1.9023385e+06         2.9973119e+05         2.9747604e+04         6.1983628e+03         9.1411035e+03         2.3288916e+03         1.2067085e+03
2008-03-26/12:05:59.633         1.5344466e+07         1.0670247e+07         8.1055610e+06         5.1647445e+06         1.7035926e+06         2.8099428e+05         2.4252393e+04         3.9039048e+03         4.6921797e+03         1.2400276e+03         4.0223618e+02
2008-03-26/12:07:35.705         1.5489606e+07         1.0414353e+07         7.7822795e+06         4.9012985e+06         1.5390299e+06         1.5201264e+05         1.4642005e+04         8.7396064e+03         9.1037129e+03         2.1075610e+03         2.9513721e+03
2008-03-26/12:09:11.776         2.3301594e+07         1.5069458e+07         1.0428934e+07         6.4148410e+06         2.4275195e+06         6.3354081e+05         1.2622273e+05         1.9918426e+04         8.2288193e+03         7.1184771e+03         5.0069717e+03
2008-03-26/12:10:47.847         1.9732248e+07         1.1785648e+07         7.0269725e+06         4.1186562e+06         1.5971761e+06         2.1889061e+05         2.4023207e+04         1.0377680e+04         1.0183853e+04         2.6701926e+03         3.0752708e+03
2008-03-26/12:12:23.919         1.3726467e+07         7.7276925e+06         4.6981105e+06         2.4561030e+06         7.0137512e+05         8.8569758e+04         1.5939975e+04         7.2618599e+03         4.4931499e+03         3.1000690e+02         2.0121189e+03
2008-03-26/12:13:59.990         1.7156434e+07         9.3362610e+06         5.8112660e+06         2.9887790e+06         5.4422619e+05         7.5538578e+04         4.7304004e+04         2.1622928e+04         8.2955186e+03         5.2789893e+03         3.7206829e+03
2008-03-26/12:15:36.062         1.5280470e+07         9.1449850e+06         6.8426605e+06         3.2314048e+06         5.4328062e+05         3.7802922e+05         1.4410877e+05         4.4604527e+04         1.4417570e+04         5.7645840e+03         1.6089447e+03
2008-03-26/12:17:12.133         1.8338388e+07         1.0449152e+07         5.2800505e+06         2.4874405e+06         1.7350962e+06         6.1165594e+05         1.2534184e+05         1.6755908e+04         8.7706289e+03         3.7000635e+03         4.3995703e+03
2008-03-26/12:18:48.205         2.2681438e+07         1.3838878e+07         8.6086000e+06         4.8960185e+06         1.8365109e+06         4.4226928e+05         8.3505406e+04         1.5169724e+04         6.3373413e+03         8.7012812e+03         4.2314141e+03
2008-03-26/12:20:24.276         2.0557740e+07         1.2023916e+07         7.4526500e+06         4.3778640e+06         1.8001155e+06         3.2181978e+05         6.2820301e+04         1.1608533e+04         8.1987061e+03         3.4507290e+03         3.0598523e+03
2008-03-26/12:22:00.348         1.9156324e+07         1.1031285e+07         7.1265965e+06         4.5996350e+06         1.6799366e+06         4.8490066e+05         1.1735023e+05         9.5427969e+03         6.2050112e+03         3.4596355e+03         3.9979001e+03
2008-03-26/12:23:36.419         1.8446656e+07         1.1341748e+07         7.4441845e+06         4.2693965e+06         1.5868215e+06         2.1930767e+05         4.6897148e+04         1.0852369e+04         4.2403511e+03         2.4375339e+03         2.2212690e+03
2008-03-26/12:25:12.491         1.9146606e+07         1.2186415e+07         9.0223440e+06         5.2045210e+06         1.6610891e+06         3.1464800e+05         9.4085977e+04         1.2812481e+04         6.8196753e+03         2.4807781e+03         2.6601216e+03
2008-03-26/12:26:48.562         2.0484322e+07         1.3335679e+07         9.0668750e+06         5.1527725e+06         1.6361606e+06         5.0283975e+05         5.0054527e+04         8.7536221e+03         2.4603748e+03         3.8520354e+03         1.2067085e+03
2008-03-26/12:28:24.633         1.8762442e+07         1.1265300e+07         7.6788715e+06         4.8845465e+06         1.7366989e+06         2.8331819e+05         4.2280781e+04         2.9728481e+03         2.5930552e+03         2.0212349e+03         2.0111809e+03
2008-03-26/12:30:00.705         2.0557314e+07         1.2597605e+07         8.6525670e+06         5.4104110e+06         1.9913564e+06         3.6542888e+05         4.5627340e+04         9.6071221e+03         5.6836963e+03         1.2400276e+03         1.8556495e+03
2008-03-26/12:31:36.776         1.6387525e+07         1.0487099e+07         6.5370315e+06         3.9180292e+06         1.1589576e+06         1.3552098e+05         3.1335055e+04         5.8136548e+03         5.1754961e+03         2.1725808e+03         1.2067085e+03
2008-03-26/12:33:12.848         1.9335456e+07         1.2077330e+07         7.3605985e+06         3.7233912e+06         8.4061100e+05         1.5888781e+05         3.1598531e+04         7.1660596e+03         4.4282803e+03         2.5080991e+03         1.4158584e+03
2008-03-26/12:34:48.919         1.9039728e+07         1.1147663e+07         7.3727950e+06         3.1279272e+06         1.0084034e+06         1.2976062e+05         3.5911078e+04         8.7166445e+03         4.0440374e+03         3.8344839e+03         4.0223618e+02
2008-03-26/12:36:24.991         1.7204120e+07         1.0888926e+07         6.6495950e+06         4.1227102e+06         9.2110656e+05         1.5778233e+05         5.6392746e+04         5.7608906e+03         8.3896953e+03         3.7563020e+03         2.6225669e+03
2008-03-26/12:38:01.062         1.9538246e+07         1.3123389e+07         9.2428570e+06         5.4428800e+06         1.9997922e+06         6.1062488e+05         7.0578664e+04         8.8390273e+03         3.7754434e+03         3.8031099e+03         0.0000000e+00
2008-03-26/12:39:37.134         2.1789014e+07         1.3612544e+07         8.9565340e+06         5.1942360e+06         1.8574038e+06         2.7355862e+05         7.6648133e+04         1.0777979e+04         6.5494258e+03         1.9394631e+03         4.0913853e+03
2008-03-26/12:41:13.205         2.1707506e+07         1.3100696e+07         8.3706880e+06         5.0128200e+06         1.3858812e+06         2.4084662e+05         5.0823348e+04         1.0751920e+04         4.2970859e+03         2.4717068e+03         2.7345757e+03
2008-03-26/12:42:49.277         1.8116716e+07         1.1284159e+07         7.2673610e+06         2.4414615e+06         4.7990319e+05         1.9174020e+05         4.0326113e+04         9.9748477e+03         2.5436611e+03         2.4800549e+03         2.1142312e+03
2008-03-26/12:44:25.348         1.3567282e+07         8.2608375e+06         4.5578960e+06         1.6400994e+06         3.1107162e+05         1.7683678e+05         2.7809926e+04         6.8875674e+03         8.6827139e+03         1.9826301e+03         4.0223618e+02
2008-03-26/12:46:01.420         1.2959535e+07         7.4018695e+06         4.1650735e+06         1.1417556e+06         2.4417484e+05         1.5947733e+05         2.7241055e+04         9.3566182e+03         3.3710095e+03         1.6263811e+03         8.0447235e+02
2008-03-26/12:47:37.491         1.3871367e+07         8.7670810e+06         4.8506205e+06         1.0524341e+06         2.7353716e+05         1.9016584e+05         3.1750268e+04         8.8620996e+03         2.3346206e+03         2.7496145e+03         3.2715078e+03
2008-03-26/12:49:13.563         1.2629935e+07         7.8435450e+06         3.5847190e+06         7.4216212e+05         2.7086819e+05         1.9121642e+05         3.2137188e+04         9.4825322e+03         2.7663872e+03         1.3194495e+03         4.0223618e+02
2008-03-26/12:50:49.634         1.1006771e+07         6.3708770e+06         2.3352995e+06         4.6170962e+05         1.3998741e+05         1.1965902e+05         2.3487340e+04         6.4218970e+03         3.9035940e+03         1.7194634e+03         2.3514006e+03
2008-03-26/12:52:25.706         1.0067747e+07         5.1663120e+06         1.8657161e+06         4.5607397e+05         9.5306648e+04         7.7511594e+04         1.7917938e+04         4.6673779e+03         2.2499497e+03         1.3175282e+03         4.0223618e+02
2008-03-26/12:54:01.777         1.2983638e+07         6.7959545e+06         3.2086552e+06         6.6467788e+05         8.7504023e+04         7.7922172e+04         2.0666277e+04         4.4524893e+03         2.6055789e+03         1.2400276e+03         9.6353235e+02
2008-03-26/12:55:37.849         1.1755767e+07         6.2910630e+06         2.7938882e+06         6.0086025e+05         8.0991242e+04         4.4005781e+04         1.1737575e+04         2.0221063e+03         8.7671234e+02         8.4225055e+02         1.4408285e+03
2008-03-26/12:57:13.920         9.3100140e+06         5.9284240e+06         3.2401460e+06         7.9284144e+05         1.3852108e+05         4.3949363e+04         1.2235732e+04         1.4248948e+03         4.3835617e+02         0.0000000e+00         8.0447235e+02
2008-03-26/12:58:49.992         1.1038878e+07         6.6925000e+06         3.2765415e+06         1.1627086e+06         3.8744303e+05         5.1356371e+04         7.9480171e+03         1.4023933e+03         1.3150685e+03         9.3074377e+02         9.6353235e+02
