2008-Mar-26/10:00:48.882,695547.562,540613.625,456999.000,432834.031,472595.625,471240.656,518741.594,694044.250,2008-Mar-26/10:00:48.882,11.250,33.750,56.250,78.750,101.250,123.750,146.250,168.750,2008-Mar-26/10:00:48.882,26290632.000,27976730.000,22051386.000,18393054.000,18179546.000,21438168.000,27260464.000,26230778.000,2008-Mar-26/10:00:48.882,11.250,33.750,56.250,78.750,101.250,123.750,146.250,168.750
2008-Mar-26/10:02:25.034,689717.312,544824.938,482853.250,435497.938,446279.562,473083.875,515531.312,638203.062,2008-Mar-26/10:02:25.034,11.250,33.750,56.250,78.750,101.250,123.750,146.250,168.750,2008-Mar-26/10:02:25.034,24272046.000,26104542.000,22534620.000,19011206.000,19208710.000,21565072.000,25576788.000,23306774.000,2008-Mar-26/10:02:25.034,11.250,33.750,56.250,78.750,101.250,123.750,146.250,168.750
2008-Mar-26/10:04:01.186,643407.188,484819.156,465946.781,475424.844,479443.844,504150.656,534169.750,754869.500,2008-Mar-26/10:04:01.186,11.250,33.750,56.250,78.750,101.250,123.750,146.250,168.750,2008-Mar-26/10:04:01.186,23866608.000,26171814.000,22307858.000,19618768.000,19460144.000,22214152.000,26013434.000,22328390.000,2008-Mar-26/10:04:01.186,11.250,33.750,56.250,78.750,101.250,123.750,146.250,168.750
2008-Mar-26/10:05:37.338,599430.750,511581.438,496151.875,485528.250,495487.125,527233.625,526247.500,596416.188,2008-Mar-26/10:05:37.338,11.250,33.750,56.250,78.750,101.250,123.750,146.250,168.750,2008-Mar-26/10:05:37.338,23825554.000,27597696.000,22513044.000,18780034.000,18813942.000,22169688.000,26945684.000,23288510.000,2008-Mar-26/10:05:37.338,11.250,33.750,56.250,78.750,101.250,123.750,146.250,168.750
2008-Mar-26/10:07:13.491,691246.062,554005.125,497982.250,477490.781,487271.125,507020.719,563318.062,656898.500,2008-Mar-26/10:07:13.491,11.250,33.750,56.250,78.750,101.250,123.750,146.250,168.750,2008-Mar-26/10:07:13.491,25342550.000,28355300.000,23353398.000,19685354.000,19740260.000,23303312.000,28115930.000,24802514.000,2008-Mar-26/10:07:13.491,11.250,33.750,56.250,78.750,101.250,123.750,146.250,168.750
2008-Mar-26/10:08:49.643,650821.562,555313.688,520268.875,499755.531,501542.406,495015.125,538441.938,619109.500,2008-Mar-26/10:08:49.643,11.250,33.750,56.250,78.750,101.250,123.750,146.250,168.750,2008-Mar-26/10:08:49.643,25117168.000,28779020.000,23356734.000,19533486.000,19639626.000,22647018.000,28134344.000,25104492.000,2008-Mar-26/10:08:49.643,11.250,33.750,56.250,78.750,101.250,123.750,146.250,168.750
2008-Mar-26/10:10:25.795,730879.500,531577.812,508906.094,490056.594,479780.312,517932.031,599475.688,672211.812,2008-Mar-26/10:10:25.795,11.250,33.750,56.250,78.750,101.250,123.750,146.250,168.750,2008-Mar-26/10:10:25.795,24225570.000,26248164.000,22398398.000,19632998.000,19412942.000,22069932.000,25509558.000,22854538.000,2008-Mar-26/10:10:25.795,11.250,33.750,56.250,78.750,101.250,123.750,146.250,168.750
2008-Mar-26/10:12:01.947,770013.438,606201.500,547898.812,516633.875,541065.062,512888.719,568553.250,726365.750,2008-Mar-26/10:12:01.947,11.250,33.750,56.250,78.750,101.250,123.750,146.250,168.750,2008-Mar-26/10:12:01.947,23715342.000,25418932.000,22463560.000,20199612.000,20048070.000,21763460.000,25061196.000,23057514.000,2008-Mar-26/10:12:01.947,11.250,33.750,56.250,78.750,101.250,123.750,146.250,168.750
2008-Mar-26/10:13:38.099,709760.375,589418.062,522554.656,547542.812,495399.844,535424.938,550315.625,758533.250,2008-Mar-26/10:13:38.099,11.250,33.750,56.250,78.750,101.250,123.750,146.250,168.750,2008-Mar-26/10:13:38.099,26115532.000,26961732.000,23805842.000,21428272.000,21544976.000,23433048.000,26985974.000,25518504.000,2008-Mar-26/10:13:38.099,11.250,33.750,56.250,78.750,101.250,123.750,146.250,168.750
2008-Mar-26/10:15:14.251,761780.375,606559.062,513739.250,488927.219,509060.750,504050.250,608141.250,814720.500,2008-Mar-26/10:15:14.251,11.250,33.750,56.250,78.750,101.250,123.750,146.250,168.750,2008-Mar-26/10:15:14.251,24710382.000,27568430.000,24265984.000,20938534.000,20995374.000,23605274.000,27401296.000,23876594.000,2008-Mar-26/10:15:14.251,11.250,33.750,56.250,78.750,101.250,123.750,146.250,168.750
2008-Mar-26/10:16:50.403,735057.625,576615.125,541949.562,527466.875,509970.438,524424.000,591447.688,692967.375,2008-Mar-26/10:16:50.403,11.250,33.750,56.250,78.750,101.250,123.750,146.250,168.750,2008-Mar-26/10:16:50.403,24838964.000,27138526.000,23898558.000,21482510.000,21544550.000,23469150.000,26313232.000,23335824.000,2008-Mar-26/10:16:50.403,11.250,33.750,56.250,78.750,101.250,123.750,146.250,168.750
2008-Mar-26/10:18:26.555,674992.812,543591.500,539479.812,500406.469,523277.469,546948.750,592200.125,677427.250,2008-Mar-26/10:18:26.555,11.250,33.750,56.250,78.750,101.250,123.750,146.250,168.750,2008-Mar-26/10:18:26.555,24032050.000,25884248.000,23131938.000,21002068.000,20804050.000,22796008.000,25136630.000,22447528.000,2008-Mar-26/10:18:26.555,11.250,33.750,56.250,78.750,101.250,123.750,146.250,168.750
2008-Mar-26/10:20:02.707,833741.500,565809.062,510250.031,512306.844,486033.219,542514.062,584213.250,809414.500,2008-Mar-26/10:20:02.707,11.250,33.750,56.250,78.750,101.250,123.750,146.250,168.750,2008-Mar-26/10:20:02.707,23794738.000,27220940.000,23788028.000,21408374.000,21429140.000,23498766.000,26517594.000,22644700.000,2008-Mar-26/10:20:02.707,11.250,33.750,56.250,78.750,101.250,123.750,146.250,168.750
2008-Mar-26/10:21:38.859,728463.250,614086.312,506468.812,495368.062,491291.812,473601.969,534469.125,716005.938,2008-Mar-26/10:21:38.859,11.250,33.750,56.250,78.750,101.250,123.750,146.250,168.750,2008-Mar-26/10:21:38.859,24522342.000,26412418.000,22836238.000,20509608.000,20357884.000,22239198.000,25388600.000,23886812.000,2008-Mar-26/10:21:38.859,11.250,33.750,56.250,78.750,101.250,123.750,146.250,168.750
2008-Mar-26/10:23:15.011,724695.562,540184.062,507522.125,471115.031,489187.281,499774.062,517690.719,567391.125,2008-Mar-26/10:23:15.011,11.250,33.750,56.250,78.750,101.250,123.750,146.250,168.750,2008-Mar-26/10:23:15.011,21665426.000,23593038.000,21255324.000,19059866.000,18915396.000,20469906.000,22721936.000,20867452.000,2008-Mar-26/10:23:15.011,11.250,33.750,56.250,78.750,101.250,123.750,146.250,168.750
2008-Mar-26/10:24:51.163,671531.875,499762.125,468666.562,488141.375,483586.219,512595.562,563892.875,712203.375,2008-Mar-26/10:24:51.163,11.250,33.750,56.250,78.750,101.250,123.750,146.250,168.750,2008-Mar-26/10:24:51.163,21702732.000,23524586.000,20915624.000,19079768.000,19313198.000,20817144.000,22630636.000,21485756.000,2008-Mar-26/10:24:51.163,11.250,33.750,56.250,78.750,101.250,123.750,146.250,168.750
2008-Mar-26/10:26:27.316,697937.875,549918.250,524395.438,467400.094,512727.062,506612.812,552746.812,638942.375,2008-Mar-26/10:26:27.316,11.250,33.750,56.250,78.750,101.250,123.750,146.250,168.750,2008-Mar-26/10:26:27.316,21648372.000,23913342.000,21746856.000,19953538.000,19945016.000,21534060.000,23463430.000,20979620.000,2008-Mar-26/10:26:27.316,11.250,33.750,56.250,78.750,101.250,123.750,146.250,168.750
2008-Mar-26/10:28:03.468,755648.562,600872.000,484658.875,481196.844,475536.531,488946.875,541594.938,667077.688,2008-Mar-26/10:28:03.468,11.250,33.750,56.250,78.750,101.250,123.750,146.250,168.750,2008-Mar-26/10:28:03.468,20774924.000,23633844.000,21663986.000,19645466.000,19371832.000,21246288.000,23228630.000,20196048.000,2008-Mar-26/10:28:03.468,11.250,33.750,56.250,78.750,101.250,123.750,146.250,168.750
2008-Mar-26/10:29:39.620,660499.062,536058.625,520568.594,494310.969,502407.469,520782.219,568085.188,649256.625,2008-Mar-26/10:29:39.620,11.250,33.750,56.250,78.750,101.250,123.750,146.250,168.750,2008-Mar-26/10:29:39.620,21045052.000,23441278.000,21906250.000,19827346.000,19769520.000,21558476.000,23132698.000,20070896.000,2008-Mar-26/10:29:39.620,11.250,33.750,56.250,78.750,101.250,123.750,146.250,168.750
2008-Mar-26/10:31:15.772,651656.938,553854.812,512775.469,497958.344,475762.719,496048.156,499804.000,666368.875,2008-Mar-26/10:31:15.772,11.250,33.750,56.250,78.750,101.250,123.750,146.250,168.750,2008-Mar-26/10:31:15.772,24474228.000,24866672.000,21568022.000,19139042.000,19111504.000,21248718.000,24361744.000,24616900.000,2008-Mar-26/10:31:15.772,11.250,33.750,56.250,78.750,101.250,123.750,146.250,168.750
2008-Mar-26/10:32:51.924,637026.062,558975.375,483253.062,498379.625,496045.781,521842.250,549561.812,671036.875,2008-Mar-26/10:32:51.924,11.250,33.750,56.250,78.750,101.250,123.750,146.250,168.750,2008-Mar-26/10:32:51.924,22756472.000,23498006.000,21223532.000,18606786.000,18726806.000,20796054.000,23391680.000,21242430.000,2008-Mar-26/10:32:51.924,11.250,33.750,56.250,78.750,101.250,123.750,146.250,168.750
2008-Mar-26/10:34:28.076,654851.250,542608.000,533506.812,508798.438,502724.688,503755.031,549666.562,546070.375,2008-Mar-26/10:34:28.076,11.250,33.750,56.250,78.750,101.250,123.750,146.250,168.750,2008-Mar-26/10:34:28.076,21355080.000,21863740.000,20646114.000,18997832.000,18863860.000,19964670.000,21296942.000,20312792.000,2008-Mar-26/10:34:28.076,11.250,33.750,56.250,78.750,101.250,123.750,146.250,168.750
2008-Mar-26/10:36:04.228,617315.125,554751.500,512019.844,531688.312,535757.625,515592.938,540403.688,641199.438,2008-Mar-26/10:36:04.228,11.250,33.750,56.250,78.750,101.250,123.750,146.250,168.750,2008-Mar-26/10:36:04.228,21346658.000,21722756.000,20281854.000,18449454.000,18625846.000,19467674.000,21003414.000,19868612.000,2008-Mar-26/10:36:04.228,11.250,33.750,56.250,78.750,101.250,123.750,146.250,168.750
2008-Mar-26/10:37:40.380,672726.250,553000.125,498289.031,489814.938,507909.906,515573.188,577321.875,586359.938,2008-Mar-26/10:37:40.380,11.250,33.750,56.250,78.750,101.250,123.750,146.250,168.750,2008-Mar-26/10:37:40.380,21386814.000,22114496.000,20581060.000,18375722.000,18568326.000,19782364.000,21381582.000,20209844.000,2008-Mar-26/10:37:40.380,11.250,33.750,56.250,78.750,101.250,123.750,146.250,168.750
2008-Mar-26/10:39:16.532,610659.062,569566.688,503696.625,496134.219,518402.375,532453.688,538490.312,571872.312,2008-Mar-26/10:39:16.532,11.250,33.750,56.250,78.750,101.250,123.750,146.250,168.750,2008-Mar-26/10:39:16.532,21461532.000,21654834.000,20135210.000,18637460.000,18703780.000,19543074.000,20987446.000,19434382.000,2008-Mar-26/10:39:16.532,11.250,33.750,56.250,78.750,101.250,123.750,146.250,168.750
2008-Mar-26/10:40:52.684,609720.500,572087.562,530481.312,520304.406,523138.281,528522.562,544345.938,622391.500,2008-Mar-26/10:40:52.684,11.250,33.750,56.250,78.750,101.250,123.750,146.250,168.750,2008-Mar-26/10:40:52.684,20661072.000,21761980.000,20309362.000,18443506.000,18548974.000,19587804.000,20721928.000,19268854.000,2008-Mar-26/10:40:52.684,11.250,33.750,56.250,78.750,101.250,123.750,146.250,168.750
2008-Mar-26/10:42:28.836,624508.438,526725.562,532859.250,506628.719,497616.406,524616.375,575160.375,597050.750,2008-Mar-26/10:42:28.836,11.250,33.750,56.250,78.750,101.250,123.750,146.250,168.750,2008-Mar-26/10:42:28.836,20681106.000,22782222.000,20715770.000,18384902.000,18527284.000,20128520.000,21990822.000,19329108.000,2008-Mar-26/10:42:28.836,11.250,33.750,56.250,78.750,101.250,123.750,146.250,168.750
2008-Mar-26/10:44:04.989,586316.062,513277.438,478663.906,485254.156,476540.062,518873.812,525577.750,575057.312,2008-Mar-26/10:44:04.989,11.250,33.750,56.250,78.750,101.250,123.750,146.250,168.750,2008-Mar-26/10:44:04.989,21570354.000,23328374.000,20511490.000,17854272.000,17803724.000,19958468.000,22273410.000,20263398.000,2008-Mar-26/10:44:04.989,11.250,33.750,56.250,78.750,101.250,123.750,146.250,168.750
2008-Mar-26/10:45:41.141,623226.625,504374.312,477859.406,476900.094,453658.969,488788.219,477259.750,580084.062,2008-Mar-26/10:45:41.141,11.250,33.750,56.250,78.750,101.250,123.750,146.250,168.750,2008-Mar-26/10:45:41.141,19929272.000,23131182.000,20490788.000,18065928.000,18235674.000,19769340.000,21980564.000,19454374.000,2008-Mar-26/10:45:41.141,11.250,33.750,56.250,78.750,101.250,123.750,146.250,168.750
2008-Mar-26/10:47:17.293,541655.938,467808.594,501905.562,462234.625,462993.625,477568.094,504283.781,537917.438,2008-Mar-26/10:47:17.293,11.250,33.750,56.250,78.750,101.250,123.750,146.250,168.750,2008-Mar-26/10:47:17.293,20745408.000,22632888.000,20641658.000,17872242.000,17877760.000,19848332.000,22239816.000,20002082.000,2008-Mar-26/10:47:17.293,11.250,33.750,56.250,78.750,101.250,123.750,146.250,168.750
2008-Mar-26/10:48:53.445,546226.688,466213.750,461029.656,456714.469,457537.219,444861.188,525416.438,594026.500,2008-Mar-26/10:48:53.445,11.250,33.750,56.250,78.750,101.250,123.750,146.250,168.750,2008-Mar-26/10:48:53.445,20768044.000,22938204.000,20495958.000,17973634.000,17990594.000,19686552.000,22363570.000,19991990.000,2008-Mar-26/10:48:53.445,11.250,33.750,56.250,78.750,101.250,123.750,146.250,168.750
2008-Mar-26/10:50:29.597,564328.625,466440.188,453790.906,435722.719,438728.531,465580.094,470443.844,605503.375,2008-Mar-26/10:50:29.597,11.250,33.750,56.250,78.750,101.250,123.750,146.250,168.750,2008-Mar-26/10:50:29.597,21199526.000,23411474.000,20814040.000,17860366.000,17912390.000,20080644.000,22395102.000,20085526.000,2008-Mar-26/10:50:29.597,11.250,33.750,56.250,78.750,101.250,123.750,146.250,168.750
2008-Mar-26/10:52:05.749,625320.312,498529.781,466262.031,455473.188,458483.219,495442.031,515659.469,620040.688,2008-Mar-26/10:52:05.749,11.250,33.750,56.250,78.750,101.250,123.750,146.250,168.750,2008-Mar-26/10:52:05.749,21143010.000,23145712.000,20858468.000,18356014.000,18143302.000,20248828.000,22202344.000,19089944.000,2008-Mar-26/10:52:05.749,11.250,33.750,56.250,78.750,101.250,123.750,146.250,168.750
2008-Mar-26/10:53:41.901,615362.312,521788.750,487353.250,471039.969,461404.125,495657.625,564558.375,633789.125,2008-Mar-26/10:53:41.901,11.250,33.750,56.250,78.750,101.250,123.750,146.250,168.750,2008-Mar-26/10:53:41.901,21133080.000,23224514.000,20565702.000,17825332.000,17666544.000,20041844.000,22690104.000,19226492.000,2008-Mar-26/10:53:41.901,11.250,33.750,56.250,78.750,101.250,123.750,146.250,168.750
2008-Mar-26/10:55:18.053,665919.062,540623.062,490402.156,484306.844,510656.844,488824.719,512797.250,561189.562,2008-Mar-26/10:55:18.053,11.250,33.750,56.250,78.750,101.250,123.750,146.250,168.750,2008-Mar-26/10:55:18.053,21815366.000,23918160.000,20445228.000,17690620.000,17576366.000,20076756.000,23513776.000,20530974.000,2008-Mar-26/10:55:18.053,11.250,33.750,56.250,78.750,101.250,123.750,146.250,168.750
2008-Mar-26/10:56:54.205,632188.375,539549.062,476692.219,480593.844,462254.750,493247.562,535623.750,688537.125,2008-Mar-26/10:56:54.205,11.250,33.750,56.250,78.750,101.250,123.750,146.250,168.750,2008-Mar-26/10:56:54.205,22977374.000,24819788.000,20473426.000,17596160.000,17503440.000,19855462.000,23905726.000,21083358.000,2008-Mar-26/10:56:54.205,11.250,33.750,56.250,78.750,101.250,123.750,146.250,168.750
2008-Mar-26/10:58:30.358,668095.500,518261.688,506719.031,493882.000,468200.844,486689.375,525166.688,717751.312,2008-Mar-26/10:58:30.358,11.250,33.750,56.250,78.750,101.250,123.750,146.250,168.750,2008-Mar-26/10:58:30.358,23160974.000,24313210.000,20419832.000,17677520.000,17656324.000,19988530.000,23315756.000,21754734.000,2008-Mar-26/10:58:30.358,11.250,33.750,56.250,78.750,101.250,123.750,146.250,168.750
2008-Mar-26/11:00:06.510,552308.438,481613.594,505879.281,459911.406,470129.812,471286.594,481728.250,613263.125,2008-Mar-26/11:00:06.510,11.250,33.750,56.250,78.750,101.250,123.750,146.250,168.750,2008-Mar-26/11:00:06.510,21891898.000,24164496.000,20885364.000,18499124.000,18455596.000,20217522.000,23523276.000,20773146.000,2008-Mar-26/11:00:06.510,11.250,33.750,56.250,78.750,101.250,123.750,146.250,168.750
2008-Mar-26/11:01:42.662,597884.562,510100.156,482826.000,446140.062,482227.250,493041.375,509175.062,506750.094,2008-Mar-26/11:01:42.662,11.250,33.750,56.250,78.750,101.250,123.750,146.250,168.750,2008-Mar-26/11:01:42.662,22615096.000,23550570.000,20588784.000,18658476.000,18119122.000,19718766.000,22644010.000,19965888.000,2008-Mar-26/11:01:42.662,11.250,33.750,56.250,78.750,101.250,123.750,146.250,168.750
2008-Mar-26/11:03:18.814,608339.438,534675.250,503250.031,469241.312,473367.062,520677.031,511921.344,501102.281,2008-Mar-26/11:03:18.814,11.250,33.750,56.250,78.750,101.250,123.750,146.250,168.750,2008-Mar-26/11:03:18.814,27573114.000,24415464.000,20967846.000,19366604.000,19036352.000,19733690.000,23769074.000,25844910.000,2008-Mar-26/11:03:18.814,11.250,33.750,56.250,78.750,101.250,123.750,146.250,168.750
2008-Mar-26/11:04:54.966,549235.625,535632.750,539872.875,499961.344,504201.562,534585.438,558912.625,591440.875,2008-Mar-26/11:04:54.966,11.250,33.750,56.250,78.750,101.250,123.750,146.250,168.750,2008-Mar-26/11:04:54.966,27889864.000,24540672.000,20587060.000,18917212.000,18567730.000,19582946.000,23686052.000,27190356.000,2008-Mar-26/11:04:54.966,11.250,33.750,56.250,78.750,101.250,123.750,146.250,168.750
2008-Mar-26/11:06:31.118,573132.312,559719.062,514606.938,518434.969,505658.938,506771.094,508488.562,529946.375,2008-Mar-26/11:06:31.118,11.250,33.750,56.250,78.750,101.250,123.750,146.250,168.750,2008-Mar-26/11:06:31.118,28427576.000,24613352.000,21236146.000,20485304.000,19773090.000,20171212.000,23715422.000,26596430.000,2008-Mar-26/11:06:31.118,11.250,33.750,56.250,78.750,101.250,123.750,146.250,168.750
2008-Mar-26/11:08:07.270,576795.688,525076.375,524252.875,483453.312,520407.688,509141.875,501497.906,480173.312,2008-Mar-26/11:08:07.270,11.250,33.750,56.250,78.750,101.250,123.750,146.250,168.750,2008-Mar-26/11:08:07.270,28115340.000,24336520.000,21659062.000,21250058.000,20621760.000,20898934.000,23721658.000,25382254.000,2008-Mar-26/11:08:07.270,11.250,33.750,56.250,78.750,101.250,123.750,146.250,168.750
2008-Mar-26/11:09:43.422,594199.750,581214.500,511838.406,489736.531,467428.719,460441.250,505920.406,530001.062,2008-Mar-26/11:09:43.422,11.250,33.750,56.250,78.750,101.250,123.750,146.250,168.750,2008-Mar-26/11:09:43.422,28999992.000,24570898.000,22383096.000,22020510.000,21403130.000,21557818.000,24029298.000,25302102.000,2008-Mar-26/11:09:43.422,11.250,33.750,56.250,78.750,101.250,123.750,146.250,168.750
2008-Mar-26/11:11:19.575,481442.812,498043.344,488573.844,489132.875,486698.250,478918.656,519338.875,439725.031,2008-Mar-26/11:11:19.575,11.250,33.750,56.250,78.750,101.250,123.750,146.250,168.750,2008-Mar-26/11:11:19.575,27559916.000,24335534.000,22620884.000,22027306.000,21652840.000,21431344.000,23578666.000,23807388.000,2008-Mar-26/11:11:19.575,11.250,33.750,56.250,78.750,101.250,123.750,146.250,168.750
2008-Mar-26/11:12:55.727,468580.469,527852.500,497253.094,481242.000,492441.469,522180.031,487172.438,478594.531,2008-Mar-26/11:12:55.727,11.250,33.750,56.250,78.750,101.250,123.750,146.250,168.750,2008-Mar-26/11:12:55.727,30600358.000,25523316.000,22299018.000,21740404.000,20990004.000,21416368.000,25612480.000,27548092.000,2008-Mar-26/11:12:55.727,11.250,33.750,56.250,78.750,101.250,123.750,146.250,168.750
2008-Mar-26/11:14:31.879,486884.375,519947.781,489801.094,491574.688,479452.969,558888.875,513956.094,541152.125,2008-Mar-26/11:14:31.879,11.250,33.750,56.250,78.750,101.250,123.750,146.250,168.750,2008-Mar-26/11:14:31.879,30918716.000,26322862.000,22923274.000,22171862.000,21641074.000,22531678.000,25852500.000,27235990.000,2008-Mar-26/11:14:31.879,11.250,33.750,56.250,78.750,101.250,123.750,146.250,168.750
2008-Mar-26/11:16:08.031,508136.156,500094.156,479865.156,460968.562,465019.344,460640.438,481765.531,500629.969,2008-Mar-26/11:16:08.031,11.250,33.750,56.250,78.750,101.250,123.750,146.250,168.750,2008-Mar-26/11:16:08.031,27115164.000,24953334.000,23278034.000,22882328.000,21971018.000,22158744.000,24318718.000,24885650.000,2008-Mar-26/11:16:08.031,11.250,33.750,56.250,78.750,101.250,123.750,146.250,168.750
2008-Mar-26/11:17:44.183,517737.625,459180.000,475376.281,465012.781,439102.281,413568.281,437316.812,400426.375,2008-Mar-26/11:17:44.183,11.250,33.750,56.250,78.750,101.250,123.750,146.250,168.750,2008-Mar-26/11:17:44.183,26250424.000,24947956.000,22701060.000,21662436.000,21379806.000,21303796.000,23567604.000,23733068.000,2008-Mar-26/11:17:44.183,11.250,33.750,56.250,78.750,101.250,123.750,146.250,168.750
2008-Mar-26/11:19:20.335,486103.375,382120.312,402660.188,392679.625,372463.625,380409.688,376401.844,385402.219,2008-Mar-26/11:19:20.335,11.250,33.750,56.250,78.750,101.250,123.750,146.250,168.750,2008-Mar-26/11:19:20.335,26165812.000,24702952.000,22701160.000,22439076.000,21524042.000,21715152.000,23303226.000,23715380.000,2008-Mar-26/11:19:20.335,11.250,33.750,56.250,78.750,101.250,123.750,146.250,168.750
2008-Mar-26/11:20:56.487,423793.375,332810.219,351348.219,346099.375,345983.406,342597.031,328730.531,305051.000,2008-Mar-26/11:20:56.487,11.250,33.750,56.250,78.750,101.250,123.750,146.250,168.750,2008-Mar-26/11:20:56.487,26412432.000,24985912.000,23502680.000,22880308.000,22058780.000,21710016.000,22825986.000,23673406.000,2008-Mar-26/11:20:56.487,11.250,33.750,56.250,78.750,101.250,123.750,146.250,168.750
2008-Mar-26/11:22:32.640,370162.844,360911.906,412844.062,372884.344,394624.094,340066.156,353835.750,329279.188,2008-Mar-26/11:22:32.640,11.250,33.750,56.250,78.750,101.250,123.750,146.250,168.750,2008-Mar-26/11:22:32.640,27704696.000,25602426.000,24068736.000,23403432.000,22212518.000,22164042.000,23118392.000,24548898.000,2008-Mar-26/11:22:32.640,11.250,33.750,56.250,78.750,101.250,123.750,146.250,168.750
2008-Mar-26/11:24:08.792,431248.344,340089.375,364861.062,377098.000,388121.562,381970.812,404530.406,387686.719,2008-Mar-26/11:24:08.792,11.250,33.750,56.250,78.750,101.250,123.750,146.250,168.750,2008-Mar-26/11:24:08.792,27951158.000,25553478.000,24706714.000,23794088.000,22579634.000,21689464.000,22749466.000,23029092.000,2008-Mar-26/11:24:08.792,11.250,33.750,56.250,78.750,101.250,123.750,146.250,168.750
2008-Mar-26/11:25:44.944,592036.312,396745.531,376607.344,394412.188,395376.812,407426.594,398847.594,373419.438,2008-Mar-26/11:25:44.944,11.250,33.750,56.250,78.750,101.250,123.750,146.250,168.750,2008-Mar-26/11:25:44.944,27118806.000,25559266.000,24277234.000,23819482.000,22305328.000,22036184.000,23168668.000,23293912.000,2008-Mar-26/11:25:44.944,11.250,33.750,56.250,78.750,101.250,123.750,146.250,168.750
2008-Mar-26/11:27:21.096,513311.750,500178.875,487412.688,458939.406,455790.688,483770.750,514609.969,511422.625,2008-Mar-26/11:27:21.096,11.250,33.750,56.250,78.750,101.250,123.750,146.250,168.750,2008-Mar-26/11:27:21.096,31415062.000,26332618.000,24490122.000,23828544.000,22700664.000,22817804.000,24979036.000,26085366.000,2008-Mar-26/11:27:21.096,11.250,33.750,56.250,78.750,101.250,123.750,146.250,168.750
2008-Mar-26/11:28:57.248,1168348.875,999259.938,867377.875,872882.500,943293.562,1050230.375,1070989.125,990774.062,2008-Mar-26/11:28:57.248,11.250,33.750,56.250,78.750,101.250,123.750,146.250,168.750,2008-Mar-26/11:28:57.248,33159782.000,26855378.000,25599408.000,25480446.000,24177036.000,23522166.000,25578254.000,27030222.000,2008-Mar-26/11:28:57.248,11.250,33.750,56.250,78.750,101.250,123.750,146.250,168.750
2008-Mar-26/11:30:33.400,1878980.375,1825201.500,1509679.625,1402360.875,1540805.000,1829136.375,1835645.250,1935090.125,2008-Mar-26/11:30:33.400,11.250,33.750,56.250,78.750,101.250,123.750,146.250,168.750,2008-Mar-26/11:30:33.400,45662072.000,41292620.000,37577324.000,34956200.000,34555960.000,36425616.000,39637080.000,43635996.000,2008-Mar-26/11:30:33.400,11.250,33.750,56.250,78.750,101.250,123.750,146.250,168.750
2008-Mar-26/11:32:09.552,432608.188,249805.328,224669.562,212177.078,255804.062,391698.156,546015.375,703128.188,2008-Mar-26/11:32:09.552,11.250,33.750,56.250,78.750,101.250,123.750,146.250,168.750,2008-Mar-26/11:32:09.552,33364650.000,25757096.000,23521350.000,22996146.000,20937024.000,19771706.000,21414892.000,23974566.000,2008-Mar-26/11:32:09.552,11.250,33.750,56.250,78.750,101.250,123.750,146.250,168.750
2008-Mar-26/11:33:45.705,378640.188,181565.969,127704.883,104104.984,122440.539,271479.781,363913.969,508059.594,2008-Mar-26/11:33:45.705,11.250,33.750,56.250,78.750,101.250,123.750,146.250,168.750,2008-Mar-26/11:33:45.705,33809044.000,26283780.000,25942244.000,25589784.000,22429296.000,19938268.000,20149074.000,21670966.000,2008-Mar-26/11:33:45.705,11.250,33.750,56.250,78.750,101.250,123.750,146.250,168.750
2008-Mar-26/11:35:21.857,393170.250,169657.984,134452.375,103850.289,124155.203,256264.969,427417.125,686367.062,2008-Mar-26/11:35:21.857,11.250,33.750,56.250,78.750,101.250,123.750,146.250,168.750,2008-Mar-26/11:35:21.857,35201964.000,26801766.000,27248018.000,26461618.000,23562884.000,21168858.000,21144820.000,21924024.000,2008-Mar-26/11:35:21.857,11.250,33.750,56.250,78.750,101.250,123.750,146.250,168.750
2008-Mar-26/11:36:58.009,538994.500,380468.969,231223.828,159084.406,196733.484,380499.375,658213.188,732986.125,2008-Mar-26/11:36:58.009,11.250,33.750,56.250,78.750,101.250,123.750,146.250,168.750,2008-Mar-26/11:36:58.009,28950706.000,26073580.000,26324146.000,25295488.000,23406144.000,22386878.000,22819598.000,23641980.000,2008-Mar-26/11:36:58.009,11.250,33.750,56.250,78.750,101.250,123.750,146.250,168.750
2008-Mar-26/11:38:34.161,1050525.375,864911.062,624214.625,536913.312,700697.750,1278352.000,2143567.500,2881071.250,2008-Mar-26/11:38:34.161,11.250,33.750,56.250,78.750,101.250,123.750,146.250,168.750,2008-Mar-26/11:38:34.161,31810752.000,28567466.000,26337296.000,24972846.000,25191350.000,25566540.000,28300072.000,30194560.000,2008-Mar-26/11:38:34.161,11.250,33.750,56.250,78.750,101.250,123.750,146.250,168.750
2008-Mar-26/11:40:10.313,1033148.000,415740.875,267492.219,238539.875,308439.156,580042.688,936247.688,970790.188,2008-Mar-26/11:40:10.313,11.250,33.750,56.250,78.750,101.250,123.750,146.250,168.750,2008-Mar-26/11:40:10.313,32078606.000,27898438.000,26630246.000,25698584.000,23324394.000,21863976.000,23670180.000,25778384.000,2008-Mar-26/11:40:10.313,11.250,33.750,56.250,78.750,101.250,123.750,146.250,168.750
2008-Mar-26/11:41:46.465,549031.812,246398.672,144045.359,119632.273,123840.320,169916.281,316482.062,466789.156,2008-Mar-26/11:41:46.465,11.250,33.750,56.250,78.750,101.250,123.750,146.250,168.750,2008-Mar-26/11:41:46.465,33734216.000,26432260.000,28282450.000,26215152.000,21752732.000,20702668.000,21200142.000,22110592.000,2008-Mar-26/11:41:46.465,11.250,33.750,56.250,78.750,101.250,123.750,146.250,168.750
2008-Mar-26/11:43:22.618,43387.254,41008.805,46844.664,43677.730,30828.033,40071.414,63808.137,66585.852,2008-Mar-26/11:43:22.618,11.250,33.750,56.250,78.750,101.250,123.750,146.250,168.750,2008-Mar-26/11:43:22.618,34209924.000,26350964.000,26354690.000,24475904.000,19410770.000,17733184.000,18235426.000,19520836.000,2008-Mar-26/11:43:22.618,11.250,33.750,56.250,78.750,101.250,123.750,146.250,168.750
2008-Mar-26/11:44:58.770,24588.189,16882.736,23734.135,14212.455,12022.626,18644.658,24524.047,56721.898,2008-Mar-26/11:44:58.770,11.250,33.750,56.250,78.750,101.250,123.750,146.250,168.750,2008-Mar-26/11:44:58.770,33708620.000,25562586.000,27092126.000,24330890.000,20059390.000,17720966.000,17406982.000,18282532.000,2008-Mar-26/11:44:58.770,11.250,33.750,56.250,78.750,101.250,123.750,146.250,168.750
2008-Mar-26/11:46:34.922,90880.961,33743.312,39868.039,22318.770,15216.904,27975.775,55379.598,89759.883,2008-Mar-26/11:46:34.922,11.250,33.750,56.250,78.750,101.250,123.750,146.250,168.750,2008-Mar-26/11:46:34.922,33785236.000,28067384.000,28415540.000,24030796.000,21132160.000,17888776.000,18064304.000,19124198.000,2008-Mar-26/11:46:34.922,11.250,33.750,56.250,78.750,101.250,123.750,146.250,168.750
2008-Mar-26/11:48:11.074,673978.750,700439.750,714809.062,750045.562,753938.875,719852.625,645124.938,652071.312,2008-Mar-26/11:48:11.074,11.250,33.750,56.250,78.750,101.250,123.750,146.250,168.750,2008-Mar-26/11:48:11.074,32906306.000,28086172.000,27266478.000,26076754.000,25775842.000,24761672.000,27060462.000,28648982.000,2008-Mar-26/11:48:11.074,11.250,33.750,56.250,78.750,101.250,123.750,146.250,168.750
2008-Mar-26/11:49:47.226,1066860.875,1033900.812,1016004.375,899263.938,787929.938,691442.188,723450.812,711814.688,2008-Mar-26/11:49:47.226,11.250,33.750,56.250,78.750,101.250,123.750,146.250,168.750,2008-Mar-26/11:49:47.226,34298960.000,28491946.000,25924114.000,25446126.000,25348752.000,25189446.000,26117746.000,28695608.000,2008-Mar-26/11:49:47.226,11.250,33.750,56.250,78.750,101.250,123.750,146.250,168.750
2008-Mar-26/11:51:23.378,625026.812,596094.438,600904.938,938031.375,1676139.875,2803789.750,4152264.250,4571600.500,2008-Mar-26/11:51:23.378,11.250,33.750,56.250,78.750,101.250,123.750,146.250,168.750,2008-Mar-26/11:51:23.378,50401264.000,41592584.000,36447752.000,34410148.000,34284176.000,36776560.000,44162596.000,57649752.000,2008-Mar-26/11:51:23.378,11.250,33.750,56.250,78.750,101.250,123.750,146.250,168.750
2008-Mar-26/11:52:59.530,966854.938,792321.375,765474.875,827444.375,814615.250,745740.812,735476.188,723830.375,2008-Mar-26/11:52:59.530,11.250,33.750,56.250,78.750,101.250,123.750,146.250,168.750,2008-Mar-26/11:52:59.530,29161934.000,28494856.000,29505322.000,30172566.000,30418676.000,30268688.000,29419908.000,28669102.000,2008-Mar-26/11:52:59.530,11.250,33.750,56.250,78.750,101.250,123.750,146.250,168.750
2008-Mar-26/11:54:35.683,734741.812,465692.875,394518.781,440512.562,500504.844,596487.312,737004.625,831846.000,2008-Mar-26/11:54:35.683,11.250,33.750,56.250,78.750,101.250,123.750,146.250,168.750,2008-Mar-26/11:54:35.683,21630476.000,23971166.000,24460912.000,24824940.000,24670094.000,24987828.000,24861346.000,21607236.000,2008-Mar-26/11:54:35.683,11.250,33.750,56.250,78.750,101.250,123.750,146.250,168.750
2008-Mar-26/11:56:11.835,739372.750,283260.094,199038.781,185033.984,277170.406,409042.125,567767.500,593547.750,2008-Mar-26/11:56:11.835,11.250,33.750,56.250,78.750,101.250,123.750,146.250,168.750,2008-Mar-26/11:56:11.835,19798742.000,21278336.000,21740622.000,22630110.000,23319182.000,23574116.000,23242694.000,22877474.000,2008-Mar-26/11:56:11.835,11.250,33.750,56.250,78.750,101.250,123.750,146.250,168.750
2008-Mar-26/11:57:47.987,306371.188,226680.438,199302.391,198630.766,223683.453,232845.484,287071.000,230734.484,2008-Mar-26/11:57:47.987,11.250,33.750,56.250,78.750,101.250,123.750,146.250,168.750,2008-Mar-26/11:57:47.987,26659722.000,18433648.000,14497164.000,13073581.000,12926138.000,14624813.000,19341786.000,26627144.000,2008-Mar-26/11:57:47.987,11.250,33.750,56.250,78.750,101.250,123.750,146.250,168.750
2008-Mar-26/11:59:24.139,590577.875,290704.250,215981.109,221322.984,227029.328,225356.969,241505.828,280093.938,2008-Mar-26/11:59:24.139,11.250,33.750,56.250,78.750,101.250,123.750,146.250,168.750,2008-Mar-26/11:59:24.139,30377124.000,21437586.000,16298326.000,14758580.000,14607564.000,15991774.000,20889652.000,28040048.000,2008-Mar-26/11:59:24.139,11.250,33.750,56.250,78.750,101.250,123.750,146.250,168.750
2008-Mar-26/12:01:00.291,744370.938,330608.625,298044.344,318319.438,334819.875,327826.812,310421.094,298408.531,2008-Mar-26/12:01:00.291,11.250,33.750,56.250,78.750,101.250,123.750,146.250,168.750,2008-Mar-26/12:01:00.291,23864512.000,23664010.000,20606152.000,19397938.000,19196860.000,20225276.000,23344676.000,23145186.000,2008-Mar-26/12:01:00.291,11.250,33.750,56.250,78.750,101.250,123.750,146.250,168.750
2008-Mar-26/12:02:36.443,549757.688,404772.969,318921.094,338711.469,329038.562,378943.312,424862.250,526706.375,2008-Mar-26/12:02:36.443,11.250,33.750,56.250,78.750,101.250,123.750,146.250,168.750,2008-Mar-26/12:02:36.443,22331844.000,24372718.000,21740862.000,20610722.000,20387950.000,21549782.000,23836890.000,20663730.000,2008-Mar-26/12:02:36.443,11.250,33.750,56.250,78.750,101.250,123.750,146.250,168.750
2008-Mar-26/12:04:12.596,547253.625,344115.906,308218.125,347682.594,327788.375,353757.125,428987.812,538454.688,2008-Mar-26/12:04:12.596,11.250,33.750,56.250,78.750,101.250,123.750,146.250,168.750,2008-Mar-26/12:04:12.596,25747850.000,26573964.000,22170124.000,19612524.000,19551512.000,21944228.000,26343928.000,25386360.000,2008-Mar-26/12:04:12.596,11.250,33.750,56.250,78.750,101.250,123.750,146.250,168.750
2008-Mar-26/12:05:48.748,1085506.875,369189.094,298323.844,287941.312,269426.031,278436.188,397629.312,476730.125,2008-Mar-26/12:05:48.748,11.250,33.750,56.250,78.750,101.250,123.750,146.250,168.750,2008-Mar-26/12:05:48.748,20663240.000,25684790.000,23115402.000,21205228.000,21267114.000,22751566.000,24374102.000,20019544.000,2008-Mar-26/12:05:48.748,11.250,33.750,56.250,78.750,101.250,123.750,146.250,168.750
2008-Mar-26/12:07:24.900,890675.500,370628.094,266870.188,277810.812,273640.125,285181.750,351513.562,676377.875,2008-Mar-26/12:07:24.900,11.250,33.750,56.250,78.750,101.250,123.750,146.250,168.750,2008-Mar-26/12:07:24.900,19335692.000,24949680.000,22784522.000,21763646.000,21734296.000,22161114.000,23960556.000,18845340.000,2008-Mar-26/12:07:24.900,11.250,33.750,56.250,78.750,101.250,123.750,146.250,168.750
2008-Mar-26/12:09:01.052,639845.938,398564.188,233965.422,241672.641,242809.125,238821.781,384051.875,700233.562,2008-Mar-26/12:09:01.052,11.250,33.750,56.250,78.750,101.250,123.750,146.250,168.750,2008-Mar-26/12:09:01.052,18404028.000,23148498.000,22237226.000,21382400.000,21066146.000,22399996.000,22614194.000,16770462.000,2008-Mar-26/12:09:01.052,11.250,33.750,56.250,78.750,101.250,123.750,146.250,168.750
2008-Mar-26/12:10:37.204,721336.562,365210.750,237660.047,231697.656,222407.469,250587.094,332656.875,578631.375,2008-Mar-26/12:10:37.204,11.250,33.750,56.250,78.750,101.250,123.750,146.250,168.750,2008-Mar-26/12:10:37.204,18691904.000,23230248.000,22149146.000,20875388.000,20900992.000,22188390.000,22654386.000,17747530.000,2008-Mar-26/12:10:37.204,11.250,33.750,56.250,78.750,101.250,123.750,146.250,168.750
2008-Mar-26/12:12:13.357,443556.344,329000.125,254458.484,264699.875,282909.531,291322.281,374060.281,733758.000,2008-Mar-26/12:12:13.357,11.250,33.750,56.250,78.750,101.250,123.750,146.250,168.750,2008-Mar-26/12:12:13.357,22228400.000,26774980.000,24190838.000,22672604.000,22659728.000,23478236.000,26100352.000,20761550.000,2008-Mar-26/12:12:13.357,11.250,33.750,56.250,78.750,101.250,123.750,146.250,168.750
2008-Mar-26/12:13:49.509,756252.188,358822.875,280981.906,261024.875,245724.609,298229.750,393018.781,741080.875,2008-Mar-26/12:13:49.509,11.250,33.750,56.250,78.750,101.250,123.750,146.250,168.750,2008-Mar-26/12:13:49.509,20874354.000,25936020.000,27361190.000,27434776.000,27017592.000,26675982.000,25157680.000,20469274.000,2008-Mar-26/12:13:49.509,11.250,33.750,56.250,78.750,101.250,123.750,146.250,168.750
2008-Mar-26/12:15:25.661,851150.000,338621.000,241329.859,259044.375,276717.000,274260.219,369962.062,884709.062,2008-Mar-26/12:15:25.661,11.250,33.750,56.250,78.750,101.250,123.750,146.250,168.750,2008-Mar-26/12:15:25.661,20287312.000,27028758.000,28350460.000,26843248.000,26610146.000,27480654.000,26270158.000,19144654.000,2008-Mar-26/12:15:25.661,11.250,33.750,56.250,78.750,101.250,123.750,146.250,168.750
2008-Mar-26/12:17:01.813,817969.438,321069.781,267619.969,255761.891,245236.875,256067.828,359428.312,790490.312,2008-Mar-26/12:17:01.813,11.250,33.750,56.250,78.750,101.250,123.750,146.250,168.750,2008-Mar-26/12:17:01.813,21101294.000,27774622.000,28755924.000,27069852.000,26950780.000,28096960.000,26407066.000,19468580.000,2008-Mar-26/12:17:01.813,11.250,33.750,56.250,78.750,101.250,123.750,146.250,168.750
2008-Mar-26/12:18:37.965,770983.938,370279.000,252260.922,256551.484,266919.406,261313.281,398321.656,605707.500,2008-Mar-26/12:18:37.965,11.250,33.750,56.250,78.750,101.250,123.750,146.250,168.750,2008-Mar-26/12:18:37.965,20061518.000,26918234.000,28080588.000,26108686.000,25975922.000,27530454.000,26226698.000,19999906.000,2008-Mar-26/12:18:37.965,11.250,33.750,56.250,78.750,101.250,123.750,146.250,168.750
2008-Mar-26/12:20:14.117,962610.312,392655.031,265880.656,260577.172,275480.719,261508.375,379275.094,797164.188,2008-Mar-26/12:20:14.117,11.250,33.750,56.250,78.750,101.250,123.750,146.250,168.750,2008-Mar-26/12:20:14.117,20785954.000,26003228.000,28528396.000,28605676.000,28114918.000,27853342.000,25850034.000,20314742.000,2008-Mar-26/12:20:14.117,11.250,33.750,56.250,78.750,101.250,123.750,146.250,168.750
2008-Mar-26/12:21:50.269,786286.625,484524.469,283161.312,268892.562,259928.641,305886.594,456157.156,987235.562,2008-Mar-26/12:21:50.269,11.250,33.750,56.250,78.750,101.250,123.750,146.250,168.750,2008-Mar-26/12:21:50.269,21699900.000,27885702.000,31907624.000,32594370.000,32553772.000,30891290.000,27232816.000,20922058.000,2008-Mar-26/12:21:50.269,11.250,33.750,56.250,78.750,101.250,123.750,146.250,168.750
2008-Mar-26/12:23:26.446,1015854.312,470071.875,274035.531,263562.406,289493.438,338374.406,455807.031,1085175.750,2008-Mar-26/12:23:26.446,11.250,33.750,56.250,78.750,101.250,123.750,146.250,168.750,2008-Mar-26/12:23:26.446,24979540.000,30323016.000,30431932.000,29687086.000,29371522.000,30002708.000,29273820.000,25198084.000,2008-Mar-26/12:23:26.446,11.250,33.750,56.250,78.750,101.250,123.750,146.250,168.750
2008-Mar-26/12:25:02.623,3300756.250,1071100.125,688757.938,618696.562,609335.062,668691.562,1038480.875,1931266.875,2008-Mar-26/12:25:02.623,11.250,33.750,56.250,78.750,101.250,123.750,146.250,168.750,2008-Mar-26/12:25:02.623,12437364.000,15381852.000,17682162.000,17685238.000,17528380.000,17214676.000,15181165.000,12007420.000,2008-Mar-26/12:25:02.623,11.250,33.750,56.250,78.750,101.250,123.750,146.250,168.750
2008-Mar-26/12:26:38.799,2588533.000,1148717.750,692159.375,628720.000,629043.688,620367.938,941985.188,1962743.875,2008-Mar-26/12:26:38.799,11.250,33.750,56.250,78.750,101.250,123.750,146.250,168.750,2008-Mar-26/12:26:38.799,12308875.000,15751460.000,17347466.000,17648962.000,17518484.000,17217954.000,15328710.000,11612595.000,2008-Mar-26/12:26:38.799,11.250,33.750,56.250,78.750,101.250,123.750,146.250,168.750
2008-Mar-26/12:28:14.975,3987167.250,1100996.250,663655.625,605424.500,607478.938,714963.875,1053784.250,2008789.375,2008-Mar-26/12:28:14.975,11.250,33.750,56.250,78.750,101.250,123.750,146.250,168.750,2008-Mar-26/12:28:14.975,12258558.000,15920058.000,17197508.000,17433744.000,17111920.000,16787250.000,15393540.000,11796221.000,2008-Mar-26/12:28:14.975,11.250,33.750,56.250,78.750,101.250,123.750,146.250,168.750
2008-Mar-26/12:29:51.151,5207275.000,1077540.500,650841.125,572282.375,589393.250,659551.125,869118.438,2107766.250,2008-Mar-26/12:29:51.151,11.250,33.750,56.250,78.750,101.250,123.750,146.250,168.750,2008-Mar-26/12:29:51.151,12906022.000,15605801.000,16976754.000,17652302.000,17422078.000,16562265.000,15016733.000,13199049.000,2008-Mar-26/12:29:51.151,11.250,33.750,56.250,78.750,101.250,123.750,146.250,168.750
2008-Mar-26/12:31:27.328,1902811.750,768844.000,584252.312,569911.062,558046.812,590255.125,742428.500,1828466.125,2008-Mar-26/12:31:27.328,11.250,33.750,56.250,78.750,101.250,123.750,146.250,168.750,2008-Mar-26/12:31:27.328,11699449.000,15732280.000,17353578.000,18001374.000,17967434.000,17132152.000,15403999.000,11589219.000,2008-Mar-26/12:31:27.328,11.250,33.750,56.250,78.750,101.250,123.750,146.250,168.750
2008-Mar-26/12:33:03.504,1441703.250,1659668.125,1167184.875,603796.125,514585.875,584147.125,765999.625,1286168.875,2008-Mar-26/12:33:03.504,11.250,33.750,56.250,78.750,101.250,123.750,146.250,168.750,2008-Mar-26/12:33:03.504,15357012.000,16733578.000,18422726.000,19746100.000,19300152.000,18197648.000,16400470.000,15476990.000,2008-Mar-26/12:33:03.504,11.250,33.750,56.250,78.750,101.250,123.750,146.250,168.750
2008-Mar-26/12:34:42.686,2425190.500,952036.750,560098.625,505698.938,470999.469,484242.594,671059.500,1388075.875,2008-Mar-26/12:34:42.686,11.250,33.750,56.250,78.750,101.250,123.750,146.250,168.750,2008-Mar-26/12:34:39.680,15569070.000,17695698.000,19025534.000,20196288.000,20052976.000,18858642.000,17351482.000,15259378.000,2008-Mar-26/12:34:39.680,11.250,33.750,56.250,78.750,101.250,123.750,146.250,168.750
2008-Mar-26/12:36:18.862,1138054.500,776693.750,530125.000,487090.969,460191.406,522654.531,731101.938,1534662.750,2008-Mar-26/12:36:18.862,11.250,33.750,56.250,78.750,101.250,123.750,146.250,168.750,2008-Mar-26/12:36:15.856,14637035.000,17021416.000,19175574.000,20028344.000,20120876.000,18921756.000,16784788.000,14072998.000,2008-Mar-26/12:36:15.856,11.250,33.750,56.250,78.750,101.250,123.750,146.250,168.750
2008-Mar-26/12:37:55.038,1327111.500,720331.500,436192.938,428115.375,423297.969,452317.281,613844.438,1311148.625,2008-Mar-26/12:37:55.038,11.250,33.750,56.250,78.750,101.250,123.750,146.250,168.750,2008-Mar-26/12:37:52.033,15536678.000,19139532.000,20990706.000,21945494.000,21430828.000,20857972.000,19097684.000,14745225.000,2008-Mar-26/12:37:52.033,11.250,33.750,56.250,78.750,101.250,123.750,146.250,168.750
2008-Mar-26/12:39:31.215,1235542.500,689128.000,449763.281,489806.031,473736.625,534745.875,762469.312,1348938.375,2008-Mar-26/12:39:31.215,11.250,33.750,56.250,78.750,101.250,123.750,146.250,168.750,2008-Mar-26/12:39:31.215,17136582.000,20031156.000,21577900.000,21816936.000,21864040.000,21130000.000,19721458.000,17259640.000,2008-Mar-26/12:39:31.215,11.250,33.750,56.250,78.750,101.250,123.750,146.250,168.750
2008-Mar-26/12:41:07.391,1470920.500,970681.750,599450.375,505383.250,553606.375,625009.188,874306.062,1519141.750,2008-Mar-26/12:41:07.391,11.250,33.750,56.250,78.750,101.250,123.750,146.250,168.750,2008-Mar-26/12:41:07.391,13514345.000,17606794.000,19736778.000,20782868.000,20332092.000,19312366.000,17006024.000,13310693.000,2008-Mar-26/12:41:07.391,11.250,33.750,56.250,78.750,101.250,123.750,146.250,168.750
2008-Mar-26/12:42:43.567,2042245.500,985780.812,590735.062,519126.469,501251.562,502848.844,777553.438,1474950.125,2008-Mar-26/12:42:43.567,11.250,33.750,56.250,78.750,101.250,123.750,146.250,168.750,2008-Mar-26/12:42:43.567,14277721.000,19015102.000,20551780.000,20749978.000,20860270.000,20213760.000,18607560.000,13873218.000,2008-Mar-26/12:42:43.567,11.250,33.750,56.250,78.750,101.250,123.750,146.250,168.750
2008-Mar-26/12:44:19.743,1629049.250,867207.312,526003.375,486312.688,503781.812,556905.938,779219.500,1468743.125,2008-Mar-26/12:44:19.743,11.250,33.750,56.250,78.750,101.250,123.750,146.250,168.750,2008-Mar-26/12:44:19.743,15485196.000,17792446.000,19449252.000,20155038.000,20066588.000,19223822.000,18073740.000,15088233.000,2008-Mar-26/12:44:19.743,11.250,33.750,56.250,78.750,101.250,123.750,146.250,168.750
2008-Mar-26/12:45:55.920,2002955.375,959727.375,559703.938,532324.625,524493.438,611910.875,851601.938,1638936.875,2008-Mar-26/12:45:55.920,11.250,33.750,56.250,78.750,101.250,123.750,146.250,168.750,2008-Mar-26/12:45:55.920,15291100.000,17373328.000,19420114.000,19815852.000,19797334.000,19030452.000,16893436.000,14928611.000,2008-Mar-26/12:45:55.920,11.250,33.750,56.250,78.750,101.250,123.750,146.250,168.750
2008-Mar-26/12:47:32.096,1760087.750,805069.312,594995.188,510729.562,545495.688,644776.188,958291.438,2138144.500,2008-Mar-26/12:47:32.096,11.250,33.750,56.250,78.750,101.250,123.750,146.250,168.750,2008-Mar-26/12:47:32.096,15178885.000,17001480.000,18552126.000,19702764.000,19528738.000,18167124.000,16752645.000,15608617.000,2008-Mar-26/12:47:32.096,11.250,33.750,56.250,78.750,101.250,123.750,146.250,168.750
2008-Mar-26/12:49:08.272,1892886.875,1012650.062,640565.750,563840.812,533005.125,651382.750,891871.688,1829412.125,2008-Mar-26/12:49:08.272,11.250,33.750,56.250,78.750,101.250,123.750,146.250,168.750,2008-Mar-26/12:49:08.272,15301294.000,16845386.000,18259332.000,19127896.000,18790484.000,17829676.000,16499364.000,15541280.000,2008-Mar-26/12:49:08.272,11.250,33.750,56.250,78.750,101.250,123.750,146.250,168.750
2008-Mar-26/12:50:44.448,1668149.750,940668.000,698213.312,600051.688,605968.062,636648.188,846264.312,1720157.750,2008-Mar-26/12:50:44.448,11.250,33.750,56.250,78.750,101.250,123.750,146.250,168.750,2008-Mar-26/12:50:44.448,14141963.000,17673316.000,18916066.000,19627234.000,19371300.000,18537716.000,17395628.000,14199939.000,2008-Mar-26/12:50:44.448,11.250,33.750,56.250,78.750,101.250,123.750,146.250,168.750
2008-Mar-26/12:52:20.625,1755125.250,1009529.312,648544.000,571212.000,587844.000,677240.875,916200.562,1868452.625,2008-Mar-26/12:52:20.625,11.250,33.750,56.250,78.750,101.250,123.750,146.250,168.750,2008-Mar-26/12:52:20.625,12860541.000,17779422.000,19975488.000,20188934.000,20013492.000,19640426.000,17465278.000,13508237.000,2008-Mar-26/12:52:20.625,11.250,33.750,56.250,78.750,101.250,123.750,146.250,168.750
2008-Mar-26/12:53:56.801,1816159.125,936747.688,628382.188,578891.250,601873.438,775630.688,1086797.625,1999792.500,2008-Mar-26/12:53:56.801,11.250,33.750,56.250,78.750,101.250,123.750,146.250,168.750,2008-Mar-26/12:53:56.801,16696675.000,18522920.000,19681024.000,20127696.000,20033710.000,19385112.000,18277238.000,17007552.000,2008-Mar-26/12:53:56.801,11.250,33.750,56.250,78.750,101.250,123.750,146.250,168.750
2008-Mar-26/12:55:32.977,2500468.250,1109659.500,840984.500,730468.750,771043.438,825609.938,1144398.125,2661730.750,2008-Mar-26/12:55:32.977,11.250,33.750,56.250,78.750,101.250,123.750,146.250,168.750,2008-Mar-26/12:55:32.977,17880214.000,19832418.000,21022520.000,21360834.000,21517630.000,20859108.000,19365110.000,17497402.000,2008-Mar-26/12:55:32.977,11.250,33.750,56.250,78.750,101.250,123.750,146.250,168.750
2008-Mar-26/12:57:09.153,2403236.750,1200010.125,834267.062,696100.312,720652.500,822670.125,1344964.375,2145398.750,2008-Mar-26/12:57:09.153,11.250,33.750,56.250,78.750,101.250,123.750,146.250,168.750,2008-Mar-26/12:57:09.153,17577008.000,18969930.000,20450686.000,21394338.000,21511888.000,19809102.000,18730160.000,17968380.000,2008-Mar-26/12:57:09.153,11.250,33.750,56.250,78.750,101.250,123.750,146.250,168.750
2008-Mar-26/12:58:45.330,2318858.250,1116225.250,832121.438,686225.125,653663.125,762277.812,1009464.812,1875145.875,2008-Mar-26/12:58:45.330,11.250,33.750,56.250,78.750,101.250,123.750,146.250,168.750,2008-Mar-26/12:58:45.330,16897508.000,19059494.000,20196740.000,21095956.000,20981878.000,20059138.000,18877132.000,17457672.000,2008-Mar-26/12:58:45.330,11.250,33.750,56.250,78.750,101.250,123.750,146.250,168.750
